1853.921 1882.578 2135.252 
2278.407 1786.74 2216.072 
2023.194 2370.365 2091.1 
1840.943 1915.58 1708.684 
1698.286 2264.714 2194.943 
1939.924 1967.96 1777.605 
2281.623 1680.175 2443.912 
1894.628 2113.495 1761.843 
1747.731 1870.718 1935.193 
2033.954 2260.35 1985.594 
2253.035 2100.64 1683.36 
1800.194 1664.998 1782.334 
2328.59 1844.405 2269.246 
1668.892 2360.492 2384.499 
2130.761 1904.245 2183.55 
2113.096 1681.077 1657.442 
2070.143 1954.492 1906.666 
2262.796 2213.323 1861.852 
1986.712 2337.289 2165.069 
2195.243 1703.823 2275.183 
2401.868 1907.326 2031.714 
1787.581 2373.183 2101.238 
1705.39 1899.424 2130.075 
1931.698 2067.907 1673.432 
2319.316 2270.067 2179.216 
2157.248 1935.992 1965.447 
1723.047 1772.536 2390.065 
1721.586 2171.721 2347.998 
2014.415 1874.02 1935.171 
2007.201 2397.629 2445.668 
1842.173 2038.888 1790.941 
1889.238 1865.69 2092.75 
1683.148 2131.906 1696.389 
1682.442 2040.244 2267.534 
1672.781 2393.28 1770.237 
2359.105 2397.499 2246.746 
1953.234 1930.192 1984.131 
2003.099 2272.716 2057.089 
2092.184 1988.339 1714.097 
2146.183 1706.388 1693.913 
1862.246 2171.128 1836.997 
1650.927 2342.269 1836.819 
1939.882 2216.027 2348.763 
1734.506 2417.368 2310.006 
1860.583 2286.123 2046.155 
2120.731 1938.769 2387.702 
2170.15 1843.149 1743.968 
1884.112 2251.517 1948.534 
1954.593 1766.427 2439.518 
1710.722 2013.349 2146.029 
2292.799 2044.382 1962.697 
2063.639 2093.958 1906.06 
1757.998 1940.251 2009.032 
2062.581 2193.162 2372.039 
2038.223 1654.036 2290.626 
1742.115 2372.208 1949.33 
2262.018 1795.822 2178.792 
2170.591 1816.355 2345.901 
2086.163 2206.902 1870.277 
1957.202 2350.002 2375.082 
2133.72 1860.136 2291.242 
1936.787 1943.776 2145.699 
1776.472 1887.449 1903.852 
1695.81 2178.172 1673.526 
1853.292 1716.979 2235.72 
2066.676 2075.132 2183.922 
1939.596 2266.889 1876.822 
2096.166 2380.872 1818.989 
2196.799 2368.034 2103.544 
1814.789 2195.157 2025.254 
1848.016 1828.087 1790.185 
2035.336 2135.461 2237.601 
1757.371 1855.604 2407.737 
1987.294 2066.159 1673.491 
2212.818 1785.475 2152.526 
2435.179 2040.802 2164.696 
1964.391 2287.331 2027.566 
2113.857 2399.074 1882.631 
2237.729 1699.252 2101.658 
2064.104 2260.069 2104.508 
1764.237 2039.668 1957.987 
1879.847 1895.428 1764.19 
2437.214 1988.126 2285.63 
2158.639 2213.983 1935.113 
2172.792 1687.951 1856.148 
2318.061 1807.325 2030.761 
1889.875 2286.139 2269.034 
2110.487 2008.286 2443.784 
1968.237 2448.787 2146.038 
2220.599 2004.62 1943.572 
1946.305 1849.925 1732.777 
2379.815 2425.42 2416.849 
2419.129 2271.73 2159.945 
1985.616 1654.962 1799.837 
1837.947 1667.955 2408.852 
1985.949 2070.35 1775.7 
1845.45 1738.83 2072.635 
2005.483 1760.027 2351.61 
2215.145 1692.286 2062.423 
2028.395 2425.457 1676.879 
1739.817 2387.304 1682.868 
1694.827 2361.193 2043.185 
1741.592 1783.734 1763.575 
1684.94 2099.292 2166.718 
1653.179 1724.616 1687.459 
1684.911 1916.297 1892.943 
2312.958 2260.913 2348.083 
2102.994 2033.272 1909.625 
2272.013 1970.039 1943.71 
2398.475 2275.981 2098.12 
2018.341 1987.019 1959.816 
1899.53 2092.304 2444.774 
1947.31 1717.623 2118.546 
1844.175 2294.07 1683.117 
2275.368 2156.47 1663.891 
2368.154 2061.118 2049.624 
1793.752 1959.364 2053.293 
2042.636 1759.702 2272.028 
2343.629 2074.056 2275.459 
2434.121 2335.797 1950.188 
2227.94 1975.481 1747.705 
2402.628 2417.958 2335.711 
1796.168 2395.71 2354.643 
1915.58 2181.496 2389.079 
2196.848 1684.11 2043.275 
2228.248 1816.628 2445.245 
2121.855 2349.763 2206.482 
1988.528 1982.695 1987.851 
1752.974 2446.216 1971.612 
2037.651 2264.26 2237.664 
1870.855 1660.736 2057.045 
1981.948 1705.522 1891.29 
2289.377 1742.478 1840.694 
2320.272 2067.773 2322.461 
1833.449 1826.697 1727.186 
2051.595 1651.709 2193.616 
2249.215 2080.857 1970.978 
1720.645 2202.319 1976.099 
2091.531 1910.721 1898.906 
2100.669 2441.124 2382.311 
1963.199 1684.047 1770.514 
2371.308 1733.169 1814.817 
2123.556 1861.026 1744.476 
1781.294 1685.737 2238.74 
1880.108 2019.515 1969.212 
2208.432 1764.755 2018.311 
2435.218 2209.16 2152.688 
2231.672 1809.314 2032.552 
2368.438 2429.084 1656.334 
2146.875 1682.832 2285.286 
2324.439 2341.279 2073.607 
1937.541 2099.736 2032.455 
2187.979 1856.602 2036.694 
1679.448 2060.487 2098.826 
2316.658 2264.433 2035.367 
2100.069 1718.291 2164.488 
1750.775 2058.127 2260.893 
2143.113 2446.948 1746.155 
2185.791 2164.997 2013.584 
1994.92 1665.381 2254.345 
1816.719 2115.677 1826.383 
1999.343 2227.512 1698.367 
2201.02 2054.327 2390.196 
2256.38 1991.165 2268.145 
1892.996 1839.32 1742.709 
1958.702 1757.145 2231.845 
1841.944 2420.143 2089.226 
1936.706 1959.108 2433.679 
1914.146 2029.346 2001.268 
2039.264 1685.916 1714.132 
1693.571 1985.082 2201.075 
1720.243 1939.804 2419.977 
2084.44 2319.242 1711.295 
2309.909 1713.592 2059.756 
1944.836 1711.484 1692.209 
1868.101 2229.852 2290.765 
2276.344 2022.135 2354.363 
1987.352 2193.473 1877.542 
2039.684 2198.044 2448.193 
2224.314 2030.029 2335.299 
1892.142 1765.727 1877.756 
1699.6 2318.426 2046.695 
1812.314 1799.558 2026.97 
2379.88 2082.469 1917.747 
2209.393 1918.223 2352.588 
2340.658 1730.322 2281.694 
2220.545 2138.665 2372.296 
1930.742 2083.771 1734.534 
1971.604 2035.588 2359.694 
2381.257 2068.514 1932.501 
1651.666 2228.582 2429.715 
2266.465 1700.643 2249.661 
2447.325 2120.468 1814.652 
1839.184 1951.413 1838.797 
1700.438 2133.346 2437.177 
2016.489 2205.83 2161.033 
1705.605 2032.874 1924.15 
2398.99 1865.49 1703.828 
2239.683 2335.899 1681.045 
2363.294 2208.63 2082.282 
2272.836 1969.078 1927.468 
2229.69 2253.123 2138.692 
1925.294 2150.751 1659.744 
2403.561 1872.806 2048.784 
2023.003 1687.389 2052.536 
1991.443 2121.107 2182.292 
1796.277 1879.753 2339.763 
2108.496 1990.875 2419.248 
1984.628 1734.538 2112.432 
1796.877 1754.442 1659.972 
2413.427 2419.532 2021.04 
2353.207 2165.321 1688.577 
2114.069 1753.136 2165.136 
1911.354 1884.485 1776.296 
2073.209 1904.062 1873.268 
1945.492 2158.188 2267.937 
2225.854 1704.148 2079.179 
2259.908 2155.137 2387.816 
1794.818 2123.962 2385.114 
2369.486 2093.636 1694.989 
2402.401 2213.765 2309.182 
1834.313 2296.084 1746.101 
1737.866 1698.661 2264.721 
1791.412 1955.354 2029.523 
1862.202 1739.712 2416.878 
1833.899 2406.163 2275.264 
1761.442 2046.141 1681.209 
2447.78 1859.291 2095.309 
1677.506 2151.003 2420.807 
1814.894 2296.027 1789.214 
2130.948 2157.977 2243.307 
1881.779 1757.862 2383.213 
2374.189 2077.565 2434.264 
1955.063 2205.622 1970.791 
1696.624 2372.399 2361.803 
2423.003 1779.989 1850.476 
2259.791 1917.634 1731.171 
2031.876 2277.029 2041.716 
2016.668 2112.374 2215.722 
2260.135 1994.871 1660.798 
1935.781 2219.879 2115.69 
1678.32 2183.926 2389.065 
2307.864 1828.006 1800.664 
1911.552 2391.995 2294.208 
2093.415 2076.963 2033.378 
2441.015 2281.533 2406.44 
1985.712 2138.396 2356.108 
2194.447 2051.324 2434.07 
2334.475 1721.661 2152.112 
1815.223 2034.584 1872.384 
2417.878 2044.593 1876.547 
2296.482 2200.309 1972.264 
2273.413 2440.715 2419.22 
1803.714 2431.669 1719.849 
2058.033 1751.782 1922.833 
1699.194 1955.013 1823.252 
2183.613 2179.907 1789.792 
2086.426 2240.558 1748.606 
2011.199 2016.874 2374.129 
2352.992 1889.005 2235.665 
1995.792 1712.632 2444.301 
1890.779 1663.301 2128.032 
1783.901 1705.169 2399.109 
1721.894 1932.21 2067.674 
2268.936 1736.531 2178.894 
1656.49 2204.294 1720.806 
2088.098 2136.861 1713.582 
2294.349 2113.713 2022.208 
1777.622 1657.64 2428.183 
2188.685 1960.051 2358.81 
2192.198 2128.597 2040.521 
2216.077 2309.141 2250.429 
1655.3 2017.719 1873.768 
1741.496 2281.937 1685.807 
2377.596 1764.745 2403.53 
2179.38 1717.087 2410.752 
1908.289 2271.317 1705.959 
1850.54 1698.666 2139.847 
1690.182 2307.875 2026.611 
1995.126 2296.923 2250.044 
2220.07 1911.524 2098.667 
2311.862 1772.81 2101.575 
1795.185 1741.564 2034.647 
2021.707 1899.287 1731.706 
1856.895 2040.195 2169.758 
2423.697 1999.331 1676.687 
2255.108 2367.423 2303.61 
2306.732 2182.367 1672.195 
2219.427 1834.992 2128.771 
1863.199 1746.764 1777.497 
1750.614 2024.981 1884.193 
1888.562 2277.144 2213.857 
2165.434 2040.976 2270.768 
1739.178 1843.834 2287.35 
2174.377 1825.206 2446.519 
2424.919 1841.614 2035.268 
2306.853 2444.68 1901.036 
1772.647 2326.663 1703.263 
1960.095 2443.39 2016.535 
2346.032 2297.283 1815.207 
2224.668 2084.917 2296.647 
2340.039 2353.334 1844.26 
2306.873 1965.828 2036.608 
1719.44 2432.222 1779.559 
1691.144 2077.165 2190.654 
2345.372 2052.768 1778.383 
1739.341 2103.928 2304.79 
1893.467 2302.621 2058.806 
1963.242 1891.326 1652.197 
1755.287 1664.359 1886.482 
2094.928 2017.92 2424.191 
1915.003 2252.16 1968.151 
1844.829 2141.22 2106.702 
2171.007 2237.452 1941.59 
2260.109 1868.145 2190.726 
2237.147 2289.583 1678.414 
1807.939 2306.719 2097.993 
1839.787 1961.202 2126.334 
2074.882 2188.159 2371.681 
1810.238 1750.077 2172.24 
1707.252 1914.335 1933.3 
1946.845 2044.138 2405.728 
2438.595 2069.05 2042.217 
2288.63 2361.008 2157.982 
2160.049 2304.858 2323.601 
2366.319 2326.056 1737.517 
2156.577 2051.692 1895.764 
1935.641 1694.042 2052.759 
1949.816 1776.101 2136.614 
1756.314 1674.821 1835.107 
2347.964 1834.802 2010.299 
1820.44 2067.981 1754.819 
2271.899 1679.04 1883.426 
1985.974 2262.538 2308.927 
1743.191 1684.681 2274.397 
1922.486 1666.495 2001.229 
2295.71 2376.951 1919.547 
2204.696 1785.983 2363.026 
1953.912 1865.317 1914.371 
1741.413 2342.039 1738.215 
2397.112 2349.705 1876.975 
2084.55 2367.282 1924.827 
2146.319 1925.065 1831.571 
2203.694 1818.428 2202.54 
1978.166 2013.814 2370.514 
1919.21 2138.495 1781.375 
2374.105 1708.294 2030.442 
2205.465 1926.605 1812.911 
1981.114 2273.847 1817.581 
2202.735 2186.049 2151.753 
1930.13 2011.388 2179.619 
1968.258 1666.867 1971.543 
1822.292 1839.885 1873.35 
2396.163 1684.587 1675.927 
2343.474 2024.396 1954.923 
1920.327 1896.539 1925.435 
1809.902 1699.955 1666.125 
1701.637 2393.637 1861.341 
2232.491 2010.232 2222.208 
1721.372 1761.339 1985.532 
2169.239 2048.429 1988.444 
1939.913 1743.07 1850.396 
2171.763 2088.855 2018.362 
2279.64 2312.207 2195.305 
1861.887 1831.459 1735.186 
2216.221 1702.627 2091.221 
1862.684 2107.651 1704.644 
2023.299 2160.197 1678.44 
1777.333 1774.025 2356.77 
1883.45 2173.497 1793.505 
2092.456 2394.121 1708.863 
1995.35 2349.302 2057.27 
1867.754 2356.627 2420.027 
2351.735 1810.821 1886.153 
1878.883 1792.115 2440.59 
2027.675 2423.14 1978.819 
2247.536 2403.176 2290.576 
2217.561 2309.993 2164.02 
1818.431 2293.51 1701.768 
2166.614 2173.256 1786.822 
1698.037 2416.673 2265.988 
1688.155 2385.009 1672.048 
1667.307 2098.749 1823.254 
1976.448 2252.987 1803.748 
1825.002 1839.312 1976.864 
2232.671 1917.114 2149.57 
2036.647 1835.118 1841.907 
1885.891 2104.003 1916.985 
1771.841 1711.347 1978.571 
2352.045 1864.558 1723.538 
2030.525 2404.422 1761.433 
1816.217 1756.354 2053.469 
1827.639 1841.103 2258.311 
2080.102 1986.361 1741.664 
2038.243 2024.645 2043.283 
2146.422 2368.588 1832.391 
1917.289 2390.992 2175.566 
2338.978 2228.142 2381.164 
2245.591 1869.32 1930.381 
1907.865 2249.371 2074.703 
2175.657 1682.146 1815.253 
2180.977 1770.876 1655.457 
1661.833 1868.147 2315.786 
2286.434 2388.744 2225.639 
1749.786 2381.073 2077.836 
2313.919 2138.913 1958.199 
2074.05 1814.849 2342.295 
1769.913 2298.261 2271.113 
2389.044 1720.333 2180.784 
1745.904 1877.109 2212.997 
2356.1 2209.015 1957.131 
1990.512 2037.952 2260.956 
2242.434 2113.315 1962.488 
2404.291 2433.778 2386.107 
2078.774 2269.802 2048.587 
1819.021 2275.181 2314.698 
2202.604 1690.648 2407.544 
1963.63 1856.899 2084.022 
1978.334 2291.865 2085.586 
1893.049 2217.044 1986.471 
2245.803 2316.101 2107.938 
2443.67 1969.692 2026.262 
2320.748 2362.182 2131.439 
2444.857 2242.954 1949.658 
2044.392 2263.396 2157.834 
1675.611 1779.3 2039.727 
1842.785 1737.173 1705.135 
1788.195 1688.901 2153.827 
2399.605 2332.131 2066.037 
2411.828 1937.983 1883.603 
2029.654 1835.351 2185.226 
2252.755 2331.625 2406.737 
2420.361 1856.98 1839.126 
1930.599 2008.761 1989.406 
2445.113 2334.398 2178.806 
2327.711 1783.425 2024.258 
2404.932 2122.038 2305.263 
1909.695 2241.908 2311.685 
2384.306 1893.479 2098.381 
2023.78 1690.795 1811.552 
1655.546 1857.032 2408.278 
2140.613 1821.789 1899.958 
2243.306 2440.907 2251.645 
1670.512 2184.211 1728.831 
1793.797 2441.726 1884.081 
2448.336 2292.792 1867.531 
2216.556 1652.386 2146.663 
2110.726 2184.808 1906.668 
1866.838 2329.683 2038.964 
2055.6 1777.823 1921.893 
2083.703 2103.874 2233.147 
2115.11 2019.177 2322.847 
1722.79 1821.846 2268.415 
2212.31 1879.112 2306.54 
1992.691 2005.109 2094.459 
2190.304 1687.485 2352.524 
2144.199 2016.947 1661.557 
1926.569 2278.863 1978.921 
1686.33 2288.824 1940.438 
1794.844 1740.597 1664.421 
2016.311 1910.84 2239.581 
1689.77 2401.711 2041.387 
1718.994 1737.642 1742.163 
2394.938 1727.481 1756.009 
2242.601 1892.965 1756.048 
2048.989 2316.46 2230.834 
1857.314 2322.868 2407.212 
2427.734 2127.213 2406.907 
1738.435 2254.914 1871.471 
2015.071 2027.936 1881.693 
2103.248 1962.396 1700.026 
1684.841 2425.289 1785.755 
1999.983 2157.176 1947.154 
1950.103 1887.037 2021.598 
2088.562 2100.102 2442.443 
2039.641 2022.547 1753.403 
2329.424 2152.272 2370.732 
1922.182 1961.828 2102.563 
1655.651 2161.179 2326.467 
2350.208 2297.238 2391.203 
1977.794 2308.971 1727.838 
1986.155 2292.597 2164.228 
2003.773 1688.608 2050.028 
1814.475 2328.994 1835.075 
1700.414 2257.612 1751.965 
1730.492 2353.975 1822.24 
1950.799 1904.276 1971.088 
2239.571 2309.407 2054.538 
2151.612 1911.967 2324.025 
1848.662 1846.934 2217.048 
2163.545 2026.414 2072.312 
1824.424 2272.919 2204.59 
2288.214 2217.9 1712.626 
1832.239 2184.831 2124.41 
2318.417 1978.244 1721.867 
2429.903 1716.385 1870.759 
2419.452 2099.441 2231.1 
2388.989 2440.846 1972.547 
2350.301 1860.369 2363.75 
2198.039 1768.487 1729.093 
2441.857 2147.229 1806.324 
2307.572 1840.976 1708.015 
2182.266 2115.585 1960.913 
1829.78 2295.128 1934.996 
2365.359 2253.131 2145.721 
2104.211 1656.639 1770.173 
1866.449 2043.684 1981.954 
2200.064 1852.64 2201.148 
1806.245 2304.556 1859.998 
1824.172 2362.497 1701.548 
2169.248 2261.164 1673.85 
1927.128 2292.648 1730.985 
2342.405 1979.86 1783.646 
1825.507 1740.146 2078.123 
2058.585 2373.438 2275.581 
2043.771 2404.549 1722.115 
1823.225 2250.849 2191.119 
1857.378 1819.228 2374.716 
2035.295 2038.33 1758.487 
2406.723 1671.343 1940.598 
1693.209 1985.35 2112.882 
2424.5 1668.712 2221.876 
2042.015 2254.091 2348.456 
2132.871 1767.361 2304.569 
2393.561 1676.417 2220.279 
2285.061 1877.58 2226.357 
1659.552 2010.89 2324.728 
2093.125 1978.911 1792.412 
2248.937 2290.056 2032.51 
2021.865 1700.927 2050.975 
2325.995 2167.105 1865.21 
2288.765 1836.338 1678.039 
2114.458 2237.533 1898.412 
2250.841 2035.562 2033.103 
1921.338 1657.926 2036.615 
2165.652 1952.986 1687.909 
2421.553 1747.304 2234.424 
2235.045 1977.121 2192.607 
2038.217 1677.745 1837.82 
2122.974 1879.049 1989.139 
2347.161 2262.534 2200.561 
2162.181 2300.411 2063.165 
2446.916 1670.081 2242.183 
2124.803 2229.195 2284.803 
2421.987 2174.823 2067.377 
1968.961 2264.486 1912.081 
2014.818 1950.061 2397.389 
2295.688 2270.454 1703.419 
1988.204 2048.66 2000.814 
2392.634 2064.551 2283.129 
1944.845 1798.479 1996.823 
1954.379 1783.042 1974.689 
1656.367 1991.926 1818.657 
1971.24 2317.369 2286.72 
1726.563 1869.516 2343.624 
2032.405 1718.403 2054.449 
2309.341 2240.559 2130.492 
1833.428 1761.527 2071.341 
1708.144 2190.644 2345.103 
1695.822 1954.278 1996.909 
2092.75 2391.787 2294.909 
2176.038 1829.878 2128.497 
1717.252 2314.953 1657.774 
2298.724 2051.063 2161.961 
2034.904 1836.116 1766.124 
1704.882 2125.794 2048.313 
2192.732 1771.831 2227.362 
1913.84 1757.948 2254.89 
1818.777 1836.789 1980.36 
1955.779 2275.302 1851.383 
1918.198 2171.941 2007.979 
1837.668 1799.391 2240.349 
1767.444 2267.669 2327.744 
2211.451 2046.956 2077.898 
2242.998 2063.711 2127.878 
1929.086 2074.915 2434.688 
2275.002 2063.108 2363.8 
2420.518 2001.265 2416.555 
1721.094 2305.335 2379.622 
1763.318 2051.697 1942.822 
2069.13 1787.716 1662.525 
1790.967 1834.786 2311.903 
2182.878 1941.879 2374.591 
1695.981 2127.162 1816.087 
1806.698 2134.149 2038.953 
1939.524 2065.03 1885.999 
2274.451 1770.02 2179.671 
1839.667 2280.05 1819.989 
2360.308 1682.931 2022.109 
2061.986 1745.976 1814.783 
1690.107 1690.467 2146.415 
2140.345 1759.039 2061.681 
1728.154 2340.836 1971.172 
2334.349 2230.709 2085.433 
1887.091 2238.118 2184.2 
1816.654 1706.715 2286.49 
1994.233 2330.758 2182.003 
2363.116 1672.673 1833.668 
2025.075 2383.454 2309.849 
1727.391 1714.669 2445.097 
2189.996 2209.183 1711.504 
1769.872 2297.421 2436.436 
2254.852 1869.125 2177.843 
2202.394 1759.222 2186.837 
2026.566 2016.972 1938.472 
2299.707 2265.94 1744.934 
2080.889 1888.403 1967.92 
1926.532 1689.003 2228.311 
2022.569 1688.282 1808.077 
1891.683 2072.808 2013.887 
1837.884 2431.623 2447.626 
1681.594 1826.017 1857.568 
1950.923 2216.324 2448.735 
2257.32 2348.768 2431.583 
2128.009 2245.217 2297.477 
2241.823 1801.399 2243.41 
1814.896 2364.82 2042.106 
1651.208 2430.355 2149.062 
2292.359 2036.021 1810.801 
2233.76 1754.161 2172.882 
1784.864 2335.977 1780.841 
2422.496 2295.275 1760.757 
2288.878 1937.361 1943.768 
1797.571 2075.171 1847.809 
1691.267 2213.226 1688.621 
1862.985 2342.83 1857.62 
2413.896 2116.874 2223.592 
2422.967 2258.036 2288.687 
2214.439 1834.498 1670.642 
1687.568 2113.069 2157.731 
1827.616 1981.569 2331.292 
1777.776 2332.234 2402.042 
1720.846 2281.562 1659.903 
2011.417 2308.621 2386.177 
1977.496 2110.106 2248.379 
1731.434 1746.839 1767.588 
1814.997 2112.94 1961.225 
2227.39 1945.591 1995.386 
2251.083 2227.314 1741.998 
2285.25 1965.693 2176.877 
1708.155 1975.514 2050.823 
1799.025 2366.73 1791.637 
2037.516 1800.535 1650.873 
1969.824 2327.606 1783.783 
1861.926 2070.03 2078.955 
2380.596 1778.967 2440.536 
2387.889 1651.2 1992.105 
1880.64 2109.857 1845.078 
2251.342 1718.835 2145.538 
1965.745 2034.148 1907.205 
1830.104 1815.608 2440.793 
2129.247 1688.219 2014.895 
1817.376 2243.179 2255.925 
2114.968 1996.296 1952.204 
2423.814 2276.776 2316.043 
2097.38 1800.91 1653.036 
2185.079 2225.864 1833.871 
2142.964 2423.537 1667.099 
1825.539 1811.116 1906.707 
2381.025 1760.958 2046.834 
2272.021 2066.019 1877.946 
2356.432 2319.743 1689.739 
1944.237 1740.134 1794.311 
2343.219 2134.023 1716.934 
2337.046 1772.487 1889.507 
1870.422 1745.603 2014.161 
2301.354 2372.31 2281.106 
2109.084 2014.692 2054.344 
1744.489 2277.845 1933.575 
2380.981 1902.998 2199.098 
2440.609 2162.579 2019.972 
1799.191 2349.167 2316.941 
1655.126 1784.501 1755.988 
2205.244 2350.093 1846.495 
2379.197 2197.411 1935.782 
2041.933 2388.553 2072.545 
2003.448 2293.71 2009.455 
2140.575 2169.032 2430.772 
1811.772 1892.978 1926.875 
1654.749 2221.645 1821.663 
1798.45 2147.369 1860.646 
2176.24 1670.384 2404.939 
1930.159 2236.17 2388.455 
2106.463 2233.888 2305.688 
1871.561 1659.063 2355.942 
1681.377 1688.701 2023.2 
2274.203 1935.055 2429.725 
2374.394 2434.019 1986.04 
2177.871 2366.055 1849.165 
1678.355 2145.027 2351.93 
2411.094 2019.686 1913.759 
2356.638 2190.047 1768.108 
2013.606 1730.114 2118.408 
1948.174 1701.891 1886.217 
2315.453 2409.788 1897.227 
2062.739 1740.789 1909.79 
2038.724 2346.751 1788.565 
2049.376 2012.137 2403.054 
1847.061 1927.815 2245.45 
1729.858 2304.369 2332.307 
2034.303 2293.578 1694.712 
2136.086 1844.981 2203.75 
2111.199 2149.51 2286.269 
1663.494 2334.927 1760.672 
1733.745 2234.241 1707.223 
1927.427 2209.922 2309.979 
2021.506 2353.535 2445.981 
2377.513 2434.738 1745.799 
2313.32 1999.377 2135.494 
1885.739 2444.073 1970.818 
1928.694 2323.663 2124.677 
1841.217 2059.922 2174.542 
2422.376 2338.024 1712.492 
2382.233 1791.747 1700.68 
1830.525 2356.89 1818.751 
1878.885 2181.797 2010.229 
1984.061 2254.351 2093.536 
1811.816 2324.226 2131.211 
1681.463 2072.789 2100.318 
1942.17 2212.363 1684.017 
1705.393 1772.448 2105.867 
2309.669 2059.934 1900.528 
2082.427 2339.295 2046.457 
1862.044 2294.623 1828.234 
1848.429 1851.457 1998.245 
1997.582 2067.166 2039.759 
2070.339 2442.496 1834.423 
1854.391 2047.169 2212.558 
1715.118 1985.429 1767.441 
2062.129 1693.284 1938.648 
1842.148 1654.827 2187.636 
2178.921 1758.04 2309.297 
2319.898 2363.508 1835.054 
1922.412 2000.193 2127.504 
1903.085 1739.726 2037.541 
2026.65 1776.23 2390.785 
2068.857 2022.081 2296.138 
2025.004 1975.773 2138.422 
2446.896 2260.361 2359.38 
1850.395 2425.241 1810.952 
2083.201 1933.627 1961.719 
1670.182 2354.994 2388.267 
1840.534 2145.48 2015.94 
1718.417 1819.217 1873.269 
2027.825 2106.852 1713.369 
2103.546 1723.254 1678.567 
2221.555 1936.482 2415.811 
1940.906 2235.228 1982.632 
1936.38 2317.811 1660.487 
2190.533 2201.496 1970.22 
1878.162 2025.894 2244.631 
2024.431 2339.862 1845.549 
2248.958 1904.711 1794.639 
2038.758 2207.147 1745.83 
1927.562 2106.522 1970.058 
1848.681 1758.27 2405.485 
1819.655 2315.984 2263.744 
1796.695 1911.317 1961.697 
2160.471 1752.01 2161.375 
2444.928 2122.428 2013.4 
2440.627 2228.703 2386.163 
2206.992 2329.166 2013.884 
2252.752 1881.401 2336.031 
2077.114 2138.377 1862.101 
2362.846 1994.89 2229.858 
1807.065 1870.152 1657.913 
2428.686 2097.592 1688.318 
2020.673 1995.387 1712.309 
2154.356 2017.254 1912.294 
2290.877 2164.882 1978.535 
1773.12 2084.631 2317.799 
1744.604 1786.775 1655.53 
2287.939 1961.242 1719.898 
2447.479 2145.256 2166.887 
2232.271 2302.031 1822.644 
2211.993 2113.36 1796.155 
2201.166 2334.692 2344.021 
1831.352 2329.315 2333.992 
1766.373 2369.118 2104.025 
1907.125 2317.416 2382.62 
2144.79 2141.006 2066.097 
2399.371 1869.844 1848.452 
2354.833 1695.136 2167.507 
2054.096 1868.023 1680.747 
1856.065 2333.787 1653.238 
2325.858 2082.981 2354.57 
2393.123 2445.086 2013.915 
1865.739 2175.133 1789.348 
1761.803 2036.518 1969.838 
2294.598 2281.441 2448.708 
2022.622 1772.956 2353.531 
1744.223 2077.081 1753.579 
2284.342 2057.617 2140.206 
2308.605 2213.471 2384.251 
2365.447 1838.228 1665.182 
2096.583 2018.495 1940.073 
1985.444 2156.529 2091.457 
2150.11 2406.131 1785.234 
1965.738 1866.847 2270.908 
1693.728 2315.105 2129.122 
1785.67 2301.17 2207.485 
2364.529 2350.019 1740.895 
2035.182 1836.655 2252.598 
2021.263 2220.39 1994.502 
1813.785 2126.066 2009.655 
1972.01 1731.77 1819.009 
1895.069 2239.859 2307.413 
1775.165 1690.185 2132.749 
2327.543 1807.59 1889.877 
2394.059 2217.997 1902.627 
2198.35 1657.815 2113.004 
2161.345 1974.747 1794.698 
2100.933 2295.068 1742.628 
2259.812 1977.147 1980.127 
2367.913 1852.702 1783.539 
2102.886 1932.43 2078.274 
2357.391 1916.341 2036.812 
1841.848 2362.039 2392.315 
2331.871 2250.159 1777.965 
1788.285 2059.753 1984.346 
2275.313 2084.956 2311.482 
1973.272 2185.388 1964.532 
1668.516 2090.202 1722.926 
1664.152 2020.605 2218.531 
1652.42 2426.839 2295.186 
1682.627 1755.828 2020.143 
2228.498 1912.676 1712.9 
2213.415 2161.549 2053.702 
1802.822 2276.058 2203.984 
2082.24 1929.977 1800.827 
2427.925 2059.128 1951.116 
2080.361 1875.499 2024.239 
1853.622 2390.085 1871.559 
2293.467 2252.647 1884.737 
1751.278 2410.51 1938.971 
1771.218 1704.361 1836.664 
1860.586 2354.039 2447.439 
1981.939 2395.943 2204.277 
2233.034 2020.695 1689.766 
1916.228 1842.051 2078.665 
2305.892 1954.291 1906.494 
1794.653 1700.76 2069.683 
2269.923 2368.908 1978.29 
2388.787 1947.158 2435.598 
1699.856 1681.052 1914.761 
1892.141 1755.588 1765.755 
2173.327 2101.408 1977.135 
2136.202 1923.809 1968.651 
2378.33 2143.053 1911.167 
1864.034 1770.18 2357.671 
1941.131 1657.654 1678.463 
2252.909 2357.514 1822.853 
2281.846 1709.51 2135.838 
2108.678 1790.876 1752.139 
1914.805 1688.38 1904.093 
2257.668 2187.241 2355.975 
2296.302 1713.783 2057.889 
2399.915 2001.818 2274.459 
1789.068 1954.488 1733.967 
1690.468 2260.092 1994.797 
2125.368 1950.459 1969.858 
2016.2 1688.996 1653.69 
2044.188 2441.209 1979.96 
2059.129 1959.178 1809.714 
1815.657 2027.296 2058.06 
1689.733 2195.976 1828.46 
2142.1 2278.434 1726.093 
2068.546 1747.362 1664.206 
1902.014 2017.189 2445.463 
1910.168 1837.387 1987.64 
2377.638 1749.121 1991.435 
2200.16 1736.267 2117.274 
1870.083 1730.93 2268.102 
1780.961 2312.293 1768.833 
2351.072 2274.518 2208.738 
2312.599 2220.398 2317.497 
1848.877 1988.971 2103.035 
2073.196 1655.814 2033.409 
1834.519 2060.722 1741.988 
2335.746 2170.756 1786.702 
1656.923 1733.534 2089.567 
2338.548 1731.501 2311.427 
2155.656 2234.015 2242.834 
2186.118 2245.682 1989.898 
1749.598 1675.989 1768.934 
1924.904 1713.042 2265.995 
2338.64 2427.175 1993.588 
2118.245 2262.657 1965.941 
2201.402 2415.08 1892.304 
2044.661 2061.338 1688.29 
1762.562 2242.974 1813.291 
2047.624 2379.441 1679.785 
1670.558 2114.937 1756.197 
2329.351 2093.302 2250.973 
2378.02 1711.584 2216.564 
1725.606 2119.787 2302.262 
2258.228 2402.195 1849.678 
2105.997 2365.047 1717.88 
1721.301 2312.774 2181.336 
2111.458 2121.473 1901.414 
2057.984 1804.328 2250.946 
2440.368 1677.923 1865.364 
2282.891 2195.218 2073.854 
1805.691 1754.796 2311.93 
2436.977 2079.298 2019.407 
2036.068 1948.612 2160.675 
2246.474 2068.137 1755.59 
1956.891 1969.55 1803.513 
2073.106 2241.231 2144.151 
1755.497 1760.818 1673.987 
2432.059 2272.765 2070.438 
2294.01 2122.224 2190.83 
2230.981 1800.696 1719.583 
2378.669 1939.073 2441.145 
1890.587 1897.847 1673.598 
2416.638 1665.979 2167.605 
2220.045 1724.089 2059.694 
1810.255 2406.478 1711.461 
1817.336 2146.11 2175.75 
2018.821 2217.678 2172.242 
2132.984 2324.144 1842.972 
1712.499 1993.333 2089.051 
2105.475 2342.892 1911.426 
2164.641 1698.424 2145.726 
2077.809 1748.145 2335.876 
2010.749 2003.781 2219.066 
2422.856 2066.991 1675.699 
2422.158 1733.665 2123.471 
2329.329 2238.623 1675.266 
2288.926 2074.22 1901.06 
2056.549 2206.096 1781.295 
1700.197 1752.618 2291.581 
2363.064 2018.295 2201.482 
1710.146 2211.062 2086.732 
2268.641 2394.325 2166.831 
1742.856 2265.877 2376.396 
1711.653 2094.738 2290.953 
2448.262 1823.448 1800.953 
2025.915 2196.517 2198.201 
1701.448 2186.112 1873.125 
2289.475 1893.695 2111.723 
1741.41 1994.92 1740.913 
1770.071 1769.88 2280.647 
1657.153 2431.805 2362.126 
1889.541 2392.3 1715.871 
2311.27 2377.508 2083.281 
2013.037 2196.78 1875.774 
2416.605 1801.927 1915.772 
2131.363 2295.364 1896.22 
1989.202 2133.356 1900.001 
2167.027 2028.181 1972.81 
2339.179 2045.458 1735.881 
2046.748 2010.004 2160.261 
2339.069 2328.775 2037.368 
1911.005 2066.431 1774.703 
1728.659 1695.393 1703.03 
1765.766 2163.901 2400.209 
2158.484 2146.619 1825.228 
1748.419 2125.503 1718.859 
2117.285 2390.479 1861.604 
2420.346 1729.382 1849.862 
2352.673 2013.229 1898.336 
2045.249 1733.258 1800.909 
2361.306 1767.701 2107.868 
1888.713 1765.09 2235.469 
1651.726 2171.489 2112.733 
1757.47 1715.053 1689.199 
2330.147 2368.857 1723.455 
2043.016 1890.905 1761.096 
2230.432 1949.665 1846.417 
1714.019 2128.736 1721.551 
2219.825 2134.873 2056.907 
2076.886 2213.395 2432.862 
2004.522 2379.481 2323.589 
1748.892 2277.4 2355.354 
1699.829 1818.598 2045.343 
2184.487 2256.393 2265.936 
1794.085 1989.175 1887.797 
1882.747 2010.704 1971.842 
1915.828 1676.311 2136.603 
1670.765 2324.434 2092.93 
1895.789 1681.302 2270.194 
2341.718 1687.673 1916.499 
1928.117 2002.414 2274.165 
2426.786 2125.187 1981.66 
1693.783 2331.487 1685.833 
1982.982 1737.81 1859.138 
2164.663 2172.513 2175.067 
2050.248 1865.312 2305.533 
1896.232 2062.568 1965.928 
1756.119 2413.215 2341.512 
2024.981 1947.256 2433.093 
1946.246 2163.272 2288.568 
1786.407 1873.764 1694.221 
1755.617 1667.068 2036.683 
2299.324 1918.767 2193.213 
1931.147 2142.813 1667.852 
1945.928 2426.316 2263.209 
1837.923 2166.388 2235.496 
2330.842 1764.257 2251.04 
