1515.71 980.012 869.743 
990.165 1050.676 1551.954 
1155.658 857.356 1120.745 
1416.909 1521.671 1071.403 
1534.81 973.338 1424.687 
1528.336 1049.862 1595.394 
1590.08 1442.862 1363.904 
943.652 1209.985 1105.353 
1449.385 1061.61 1478.365 
1471.521 1326.612 1063.239 
1519.686 1026.278 889.221 
1471.679 1471.287 1112.702 
1595.149 1468.387 1172.106 
1515.223 965.758 943.559 
965.92 1520.366 911.243 
1238.437 1028.24 1453.961 
944.677 1449.137 1002.691 
1128.575 964.025 1314.881 
974.805 997.814 1268.823 
1283.685 1099.205 1321.813 
968.202 1043.356 1422.75 
881.527 1131.371 1030.754 
1563.329 1415.761 1552.885 
1228.26 1049.205 920.672 
1152.478 1147.375 1552.207 
1423.64 1121.918 1257.533 
1369.646 1194.841 1574.709 
1557.017 1576.222 1297.711 
1404.645 1434.103 1063.888 
1445.294 1210.846 884.878 
1367.744 1242.146 1566.254 
1503.417 1018.995 1017.322 
1049.537 1186.069 1285.072 
1388.219 1332.908 864.604 
1375.212 1130.512 1568.632 
1264.838 888.466 1234.133 
1169.118 1372.288 1118.419 
1163.449 1154.71 980.442 
982.582 1074.273 951.226 
892.233 1256.133 1365.33 
1536.601 1283.136 1438.762 
1367.376 1122.808 1456.406 
1081.357 1381.691 1259.351 
977.56 959.822 1524.254 
1270.036 992.791 1310.957 
1186.303 999.232 1085.186 
1128.607 947.485 1057.167 
945.435 1290.246 1494.253 
1137.582 1590.617 1524.429 
977.26 1172.263 1471.44 
1000.834 1376.433 915.627 
1203.646 1214.474 1471.639 
1483.768 1166.527 1527.013 
1525.429 1338.271 1033.715 
860.776 1501.172 853.841 
948.502 899.187 1202.421 
1050.614 1528.018 1313.929 
1157.936 1085.445 1385.164 
1334.276 1152.251 1121.046 
1397.891 932.086 866.97 
861.271 1196.472 1441.407 
1042.135 913.024 1299.726 
1201.714 1569.537 871.865 
1300.998 1443.395 968.676 
1554.143 874.126 946.61 
1076.246 1569.319 1139.629 
1599.431 1451.147 1422.404 
1555.882 1326.943 1286.005 
1325.624 1022.826 1076.631 
979.55 1462.758 1053.637 
1436.978 1471.104 868.161 
1169.927 1051.256 1360.389 
1544.245 1302.029 1265.244 
1320.462 1154.475 986.689 
1373.623 1256.184 1542.167 
1121.664 1002.168 1503.139 
1213.483 932.281 1071.853 
1194.171 1176.233 1593.947 
1542.524 1317.96 887.286 
1119.226 1262.987 1514.788 
1547.089 1138.547 1074.331 
1490.522 926.301 1378.308 
1572.968 1120.615 1024.378 
1075.182 1224.223 994.181 
1455.972 1149.865 1200.159 
1264.288 1253.267 1125.835 
1205.17 1086.429 1247.417 
1183.591 1172.786 1250.329 
1069.821 1329.024 1336.688 
1049.668 925.459 921.697 
1073.882 1473.966 1512.296 
870.134 1552.769 1106.198 
1489.872 1496.946 1538.867 
1188.784 999.699 1469.675 
1547.0 1171.218 1251.798 
1586.49 1451.226 1469.193 
1273.077 1152.372 1312.945 
864.931 1515.485 955.663 
1077.637 1246.439 1116.955 
1099.733 920.112 1151.91 
1316.529 1456.599 1597.032 
1427.833 966.758 1219.569 
1071.631 1599.979 1125.086 
924.651 1144.512 1411.92 
862.222 1364.623 1361.004 
1407.943 1516.807 1597.579 
1058.859 1397.124 1281.179 
949.058 1161.545 861.509 
1211.327 1445.307 952.691 
875.174 883.47 1276.9 
1405.24 1189.233 1089.406 
1362.308 1576.672 890.253 
1410.426 1023.777 905.055 
946.027 1363.365 1513.794 
1218.573 1098.246 1024.991 
1377.737 939.82 1522.287 
1476.655 1436.046 1435.727 
1406.775 942.284 1372.418 
946.138 1391.278 1058.721 
1038.122 1118.364 1561.941 
919.721 1512.903 1444.165 
952.575 1533.12 1290.957 
919.156 1366.129 935.149 
1130.135 1541.053 987.109 
1250.074 975.852 1331.334 
1090.229 1509.322 971.56 
1363.877 1176.51 1361.556 
1485.314 1046.979 1006.725 
1243.349 858.971 933.145 
1156.541 1112.176 1208.536 
915.93 1124.781 1536.741 
1222.879 1592.022 922.706 
1127.818 915.548 1595.33 
1252.569 994.737 1108.169 
1588.415 1597.491 1442.354 
1425.455 1104.799 1315.769 
889.997 977.604 854.793 
1202.828 942.706 1191.234 
1429.144 1138.878 1248.377 
1117.386 987.42 870.248 
1137.418 1574.005 1548.119 
1143.387 1120.296 877.354 
1338.652 1267.045 1401.114 
861.755 1430.288 996.331 
1400.699 984.44 1241.722 
1200.002 947.468 1156.083 
1294.063 1198.262 1513.647 
1452.177 1112.661 1362.368 
1211.287 1528.005 878.413 
1092.796 1108.889 1487.852 
1161.465 938.916 1052.652 
1329.884 1521.345 1436.633 
1003.193 1432.733 1308.509 
1461.51 1326.051 1174.3 
1145.399 1334.132 1153.01 
1516.873 1350.121 1276.29 
994.537 1542.278 1523.662 
1225.2 1065.598 955.407 
1047.057 1205.64 973.222 
1150.644 1253.062 1111.891 
1227.452 1370.962 903.858 
1209.984 1077.465 1395.265 
1045.162 1218.249 1394.61 
920.652 1380.112 1073.037 
1518.722 969.551 1502.899 
1037.237 1163.072 1174.977 
1399.976 866.879 872.476 
1203.619 1486.121 1571.32 
1091.588 1559.244 1390.199 
952.767 1536.931 950.568 
1215.668 1265.048 936.47 
1286.653 1492.445 1107.787 
1325.963 944.833 1558.498 
1316.52 1017.582 1518.813 
1246.337 1579.488 1440.757 
1105.152 1040.778 1336.225 
1191.105 900.126 1306.045 
1367.58 1228.497 1464.396 
1064.3 1039.88 1347.427 
1453.836 1146.014 1402.915 
1102.315 1317.673 1172.952 
1595.044 951.945 1416.394 
918.026 1529.706 1345.984 
1267.963 1568.41 1533.764 
1466.021 1562.48 1433.724 
872.338 1264.419 954.948 
1214.244 857.476 898.528 
1002.78 1168.521 1557.185 
1008.585 1415.056 1548.044 
964.242 1440.971 1446.603 
876.521 865.816 1082.794 
983.768 1307.534 1406.119 
1375.717 1288.388 1292.708 
1353.137 1431.42 1577.582 
1422.479 1339.173 1154.916 
1422.779 1581.427 895.533 
1157.818 1242.768 1049.001 
1327.937 1587.673 1141.581 
1346.252 1330.128 1454.163 
968.199 1042.875 1077.247 
929.617 1012.048 1399.281 
1220.095 1334.636 1541.557 
1375.315 893.268 1426.841 
1255.375 1067.269 1309.399 
1072.934 986.442 1385.907 
852.553 1397.08 1041.594 
1488.329 876.95 1511.286 
1294.24 1191.556 1339.111 
1166.269 1314.098 1519.436 
914.895 1536.668 1456.632 
1276.534 1372.027 1261.842 
1160.865 931.852 867.74 
1412.646 1325.045 1539.049 
901.932 955.195 1477.985 
1166.49 966.524 1114.159 
1548.709 1116.447 1458.089 
1123.851 1371.048 1004.647 
1364.795 1398.767 1193.772 
1432.203 1025.671 1304.008 
1308.172 925.95 946.19 
1192.369 973.702 1313.463 
1205.618 1024.602 1192.518 
926.055 1532.875 1217.732 
1297.062 1399.801 1246.201 
1096.921 1144.008 1393.917 
1387.092 878.026 925.457 
1397.942 995.828 1332.69 
883.148 1134.41 1496.496 
917.842 1080.15 1166.441 
979.189 942.457 1275.973 
965.791 1592.055 878.902 
1000.523 1051.172 1413.028 
1497.82 1087.701 961.888 
1519.459 1272.901 972.346 
1418.898 965.872 1442.47 
1176.076 1471.8 1497.369 
1447.011 1345.373 1315.662 
1041.992 1144.485 1034.508 
1353.82 1213.474 1183.36 
1460.151 1596.213 924.23 
995.927 1440.206 1325.713 
1443.809 1374.73 944.454 
921.032 1444.889 1231.592 
1279.043 1018.847 1491.911 
1340.374 991.642 1028.318 
1372.561 1355.266 1063.985 
1432.592 883.541 1057.355 
1013.525 1412.431 1395.652 
1405.568 1569.194 956.819 
1470.432 1350.163 854.455 
1301.952 1314.135 1181.578 
1221.58 980.332 1128.254 
1153.68 1587.298 1476.532 
927.491 1357.37 1038.191 
1376.253 881.926 917.718 
1317.13 1361.546 1351.269 
1591.032 1133.283 1366.892 
1259.096 1391.044 855.533 
934.102 1208.159 1456.78 
1029.057 1562.235 881.777 
1596.591 1462.059 1590.092 
954.985 1507.768 1349.387 
1332.744 1514.578 1054.926 
1255.255 1462.271 892.413 
1048.223 1122.238 1559.441 
1298.793 976.996 1030.414 
893.751 1052.312 913.509 
1081.865 1177.703 1378.78 
1510.929 1165.759 1273.343 
1066.48 1313.92 1491.412 
1067.743 1276.314 1577.851 
1440.721 1124.956 1442.668 
1195.906 1227.491 1028.611 
924.245 857.955 1099.113 
1127.445 894.165 928.173 
1360.709 1350.438 866.866 
1255.106 1318.286 1478.372 
1010.428 1079.269 922.729 
993.545 1175.766 1024.699 
1069.377 978.827 1002.278 
962.11 1543.475 881.333 
1385.956 1333.333 1538.056 
959.597 1306.58 1494.484 
1354.521 1458.668 1311.564 
969.452 1274.096 1156.259 
1378.552 1414.59 959.6 
1364.049 942.845 1450.067 
1271.797 1032.518 1109.793 
1549.854 1073.954 974.319 
999.532 900.904 1308.851 
1243.33 1164.204 1385.471 
1408.946 1161.921 1272.613 
1298.084 1540.76 1529.473 
1310.262 934.384 1207.709 
1330.18 1032.37 1228.388 
912.405 1264.262 1416.466 
1197.499 1292.687 1485.17 
983.531 989.487 1093.325 
915.312 1180.118 1108.815 
1440.525 1579.296 1272.052 
1040.346 1329.807 1377.002 
1372.422 1277.7 933.438 
930.281 1129.737 1089.008 
1225.729 1460.717 1077.03 
1441.323 1079.371 1267.723 
1160.42 1193.776 1073.673 
915.082 1095.812 1172.933 
986.928 1585.063 1388.362 
1439.898 1381.552 1161.945 
1347.596 1265.282 885.725 
894.124 1004.191 1206.475 
1463.083 1457.964 1475.008 
1117.103 1003.755 965.958 
1152.077 1503.357 956.74 
1241.367 870.885 1233.708 
1425.138 1050.053 1384.616 
884.335 859.342 901.628 
856.463 1150.9 1127.619 
1372.621 1029.023 1504.743 
1032.739 1499.999 1245.788 
1533.253 908.308 1420.994 
882.295 1567.501 1116.519 
1354.979 1369.247 1398.103 
1088.771 1475.755 1025.481 
1448.761 1531.992 939.838 
1350.436 1280.883 998.352 
1010.206 1251.694 986.782 
881.811 924.866 1290.637 
1217.22 996.483 1365.437 
1592.993 909.69 891.29 
1527.509 1205.405 876.684 
1572.486 1403.029 1539.418 
1577.494 1520.358 1398.323 
888.333 1569.494 1076.483 
1342.496 1074.554 1320.955 
1014.448 1301.957 865.389 
1433.069 880.656 1531.049 
1472.307 1047.67 927.581 
1542.643 1074.773 1503.401 
1088.79 1133.568 1109.465 
1477.97 1329.34 1240.412 
864.93 1395.914 1085.962 
900.448 958.83 999.405 
1165.159 904.43 1304.472 
1290.36 1508.241 1338.281 
1370.04 1094.444 1333.56 
1202.772 1193.605 1446.341 
1282.364 973.055 1292.8 
1015.151 1079.742 1233.245 
1259.795 956.688 1157.742 
1504.681 1011.912 1081.023 
1055.553 1006.336 1076.263 
1509.364 1166.835 1228.902 
1566.018 1044.41 850.203 
1118.171 1197.988 1550.308 
1266.969 957.07 1382.723 
871.884 1446.837 1433.948 
1159.182 1180.357 905.176 
1431.64 1008.339 1142.788 
1473.433 1008.518 991.8 
1478.186 1516.826 1117.981 
1566.122 1334.738 856.445 
1229.006 957.547 1296.428 
970.322 1337.413 1425.087 
1086.46 1523.871 1155.285 
1513.608 1330.7 1458.865 
1303.784 893.348 1195.03 
1513.264 1072.571 1566.425 
915.984 1131.069 851.325 
1438.306 868.638 1000.619 
952.365 1361.987 1072.29 
1119.769 873.391 1442.46 
1050.424 1160.721 1131.8 
1581.698 1503.821 1221.426 
1404.42 1208.875 1148.672 
1437.922 905.651 869.274 
1222.59 1200.014 1404.767 
1515.571 1427.13 935.979 
1085.577 1220.304 1508.358 
976.47 1247.455 1090.834 
1142.683 1115.618 1466.488 
1134.669 1334.377 1574.185 
1323.74 1096.606 1334.252 
1007.702 1593.913 1256.289 
1464.556 1574.439 1350.751 
1218.676 1127.5 1024.384 
1241.612 1378.879 1246.663 
1155.255 940.809 1138.763 
912.232 1047.175 931.515 
1274.87 861.404 1510.617 
1565.129 937.725 1084.162 
1507.611 1149.656 1209.924 
1484.131 1354.773 867.464 
1487.715 1112.163 961.302 
1069.601 1091.792 1219.191 
1218.803 1209.107 1156.64 
957.69 1414.696 896.038 
1041.931 1154.034 1429.133 
1127.62 1575.916 940.491 
1154.191 1065.598 1116.09 
900.104 1290.141 971.606 
1496.031 1279.386 926.817 
888.259 1410.474 1524.261 
1135.767 1550.116 1370.616 
1001.475 1320.526 1462.155 
1366.504 902.326 1537.879 
1461.249 1487.868 892.718 
1066.584 1558.276 1455.647 
1395.154 1017.547 1400.056 
1382.202 1127.914 936.227 
907.494 1587.03 1384.14 
856.858 1187.77 1337.947 
1550.255 1258.756 902.162 
1389.792 880.371 995.267 
1444.695 939.283 1099.085 
932.918 1353.298 1378.574 
1364.261 1512.025 1362.35 
1018.205 1146.791 874.616 
1510.21 1012.179 1256.512 
1261.273 1512.824 1152.491 
856.07 1531.7 1463.509 
876.179 1538.074 963.96 
1533.15 895.182 1330.552 
1373.893 1439.117 1203.995 
1550.397 859.29 1136.124 
912.197 850.068 1152.504 
1380.845 1292.401 1481.025 
871.543 1108.201 1409.87 
936.025 1448.454 1368.91 
1506.666 1204.117 1005.999 
1444.76 894.169 1336.829 
935.824 1104.003 1122.542 
1240.27 883.532 1147.842 
1382.869 1272.935 1508.734 
1288.697 1292.389 1232.425 
894.237 1199.091 1449.41 
1297.645 1324.872 1568.018 
1110.473 1154.761 1166.626 
1232.866 932.089 1459.151 
863.754 1173.946 861.932 
1326.861 1399.734 1184.623 
1166.826 1373.222 1212.973 
1570.038 1189.484 1318.152 
1145.589 1425.499 1102.055 
1546.334 1485.029 1329.364 
1339.284 1166.938 1392.577 
1008.34 863.906 1470.416 
1575.099 1151.561 885.546 
911.028 1224.604 1294.49 
1167.801 1439.135 871.648 
1296.698 1265.444 1273.276 
1391.913 1467.71 908.756 
1196.213 1066.099 1475.384 
1367.476 1597.048 1164.863 
1153.584 1076.114 1414.782 
1461.175 852.625 1335.936 
850.033 1147.209 1503.222 
882.946 1084.56 1455.79 
1010.205 1307.12 945.397 
1458.973 995.693 1201.134 
1525.887 861.713 1116.878 
1135.927 1223.632 1141.83 
1057.789 1598.766 1051.517 
1475.033 1339.693 959.954 
1218.166 1324.832 1507.467 
970.484 1384.279 1067.971 
850.197 1127.342 1087.735 
1054.269 1095.024 1573.855 
1312.557 1487.391 1507.818 
858.976 974.128 1016.648 
1068.703 1565.472 1512.359 
919.357 1009.879 1544.92 
896.511 1045.843 872.024 
1340.541 880.764 1073.498 
1164.532 1295.354 1073.437 
1429.567 1472.484 953.765 
1236.015 1186.491 1558.162 
1307.168 1316.537 1367.801 
911.153 1593.124 948.243 
1221.597 1046.61 1105.329 
1373.307 986.801 932.959 
965.574 1065.122 955.844 
1264.865 922.069 1528.398 
1326.777 1083.551 1134.966 
1538.315 1396.103 1152.738 
908.694 879.799 1444.721 
1376.804 1574.821 1007.746 
922.634 1455.123 1315.694 
1164.889 1372.974 1507.287 
1502.026 1024.596 933.919 
886.828 982.567 1374.828 
959.694 1357.034 977.696 
1058.358 932.966 1404.38 
1309.851 1078.807 1304.715 
1592.086 1506.054 1132.94 
1299.312 1549.09 1516.162 
969.133 935.101 1479.162 
1564.642 1593.368 1187.467 
1448.687 1390.954 1116.119 
960.458 1492.162 1336.782 
1244.761 1475.357 1332.963 
1360.382 1422.266 1126.8 
1449.661 1172.242 1218.191 
1027.641 1376.701 1323.861 
1416.752 1098.218 990.873 
964.905 878.716 1028.492 
1451.703 1549.321 1247.164 
942.995 1244.612 1384.539 
1003.343 1518.906 1394.32 
945.495 1558.509 1445.13 
1170.782 1495.174 1102.868 
1318.298 1441.665 997.57 
1102.968 1040.372 1128.979 
1329.049 1240.46 1579.343 
929.887 930.512 896.852 
1444.174 893.545 1366.731 
1192.779 1053.685 965.844 
1353.674 1350.657 912.435 
1546.278 960.263 911.242 
1127.537 1322.445 907.702 
1528.002 1273.149 1088.346 
1094.199 1432.263 1318.628 
1004.104 928.206 1376.74 
959.224 1511.393 1365.404 
882.817 851.374 1459.225 
1010.276 1385.542 1249.251 
1309.43 1572.797 1395.71 
1563.713 1136.034 1503.435 
1318.981 1128.035 1457.824 
1513.04 1301.054 850.54 
1110.684 997.052 1186.753 
1013.477 1598.059 1169.244 
1484.492 1305.563 1325.585 
1568.005 1544.233 917.607 
1510.886 1443.64 1106.763 
1011.763 966.759 960.327 
1424.748 1461.558 1145.967 
1178.437 1248.53 1001.492 
941.621 997.65 1374.075 
1204.126 1081.138 1025.653 
1502.947 911.101 1130.562 
1032.216 1185.355 1404.774 
1338.805 1419.084 914.261 
1322.173 1028.375 1446.563 
1376.696 1116.779 964.914 
1239.697 1333.631 915.561 
963.484 924.78 1533.195 
1209.609 1264.042 1016.049 
1417.68 1017.553 1015.26 
1506.075 1531.213 1158.168 
934.556 1598.078 1381.45 
1027.327 910.483 1518.763 
976.181 1202.988 1167.109 
1430.912 907.658 1450.894 
940.29 986.148 1326.468 
1114.761 1370.074 1338.252 
1127.179 924.948 1542.298 
1304.433 1330.006 1383.215 
852.072 1031.517 1490.901 
1287.598 1234.293 934.623 
1362.534 875.035 1581.432 
954.625 1133.557 946.249 
1523.398 865.866 1012.44 
1112.479 1236.569 1084.252 
1127.856 1386.723 1147.757 
865.205 1251.517 1220.152 
1266.052 1226.728 960.569 
1052.407 1327.817 1498.26 
1082.617 1421.415 852.546 
963.75 1238.304 964.456 
1071.385 1376.504 1217.072 
1269.47 1493.404 1128.857 
1337.564 1265.812 901.51 
1003.338 1292.308 1412.435 
945.931 1036.191 1137.261 
1341.521 1074.134 1333.373 
1074.221 1091.299 1112.902 
1366.668 1283.794 1382.578 
946.674 1163.125 1585.132 
1228.688 1257.33 1128.503 
1273.049 1023.206 1369.005 
1158.889 1321.78 1293.966 
1588.73 1592.523 872.433 
1217.473 1074.966 1087.486 
1507.14 1369.052 1002.892 
1086.799 1293.416 1217.971 
1475.841 1538.853 1336.659 
1254.285 944.697 1185.233 
1288.295 1097.721 1455.768 
1213.722 1514.268 1575.898 
967.799 1426.407 1527.67 
1268.618 1224.203 886.541 
1290.445 875.336 1160.428 
1155.579 1095.184 1510.494 
1125.793 1087.328 1196.307 
1577.217 1467.107 1249.099 
1457.43 1043.599 982.65 
1019.557 1267.571 923.511 
1387.646 1081.047 934.383 
1135.164 1047.905 1596.628 
1109.274 1428.329 1206.432 
1144.463 1584.472 1326.252 
1219.562 1589.674 1133.184 
1526.013 1002.118 862.953 
1230.311 1175.139 1117.814 
1529.32 1537.367 1391.959 
1091.726 979.012 1071.732 
918.998 1594.401 1378.149 
992.843 892.312 1014.153 
1127.796 1248.888 1111.574 
1553.087 910.719 1507.83 
1364.872 1408.27 1475.722 
1181.139 1241.268 935.181 
1095.593 1538.394 1158.025 
1039.117 1124.571 1060.125 
1569.417 1336.757 1388.574 
1004.244 866.26 944.084 
1320.553 1419.991 1409.614 
1508.235 951.287 961.057 
1365.647 1504.373 1066.071 
862.687 1497.274 1280.899 
1301.967 980.757 1275.781 
1510.243 1061.641 1520.623 
1001.083 1094.034 1108.953 
1487.231 1523.832 1388.955 
1379.205 1447.859 956.897 
956.875 910.069 1173.813 
1010.0 876.85 1063.712 
1025.881 1316.78 853.84 
1163.903 866.833 1318.128 
1503.262 1482.671 953.977 
1179.378 1234.1 1436.456 
1016.903 1278.956 1523.94 
884.172 1061.066 1378.166 
983.522 955.026 940.512 
1336.095 1055.146 1015.034 
972.008 948.599 1126.784 
1182.094 1399.869 1228.213 
1326.949 1402.152 1344.36 
1547.299 1134.548 980.56 
1189.36 911.851 1472.733 
1078.908 1357.939 1352.13 
850.938 1322.033 1358.35 
1146.381 1109.809 884.879 
1002.222 1281.194 1284.691 
1571.285 1095.805 996.538 
1187.168 1141.133 1469.86 
1040.359 1555.242 1175.662 
1478.512 982.45 1394.42 
1135.351 1408.865 1331.676 
911.569 956.607 1451.816 
1046.537 1108.62 1404.652 
910.783 1059.707 1037.524 
1119.834 1159.894 1581.654 
1178.372 1148.768 1582.135 
1477.485 1048.714 1379.635 
1231.112 1435.017 1409.053 
1513.629 888.707 1023.007 
1357.09 1178.865 1089.292 
860.115 1221.642 1183.195 
1356.014 1291.072 1483.863 
1144.962 893.651 1138.6 
1307.138 1450.299 1084.232 
1418.919 1506.06 1512.756 
1112.233 1404.938 1506.49 
1570.591 900.222 1424.038 
1377.624 1516.468 896.677 
1007.012 1193.448 1256.046 
1180.635 1065.913 1188.048 
981.4 955.128 869.65 
1073.802 1136.592 1402.798 
1518.639 1590.266 1383.875 
964.294 920.504 854.485 
1389.252 1073.607 872.706 
905.32 1281.377 1545.188 
927.887 1094.833 1569.358 
1430.627 936.369 1558.791 
1403.495 1453.91 1300.163 
879.726 1170.804 1349.535 
1107.98 1213.769 1167.164 
1552.655 1036.899 961.342 
901.283 883.262 918.019 
1329.953 1337.668 890.165 
1422.803 1081.16 1060.705 
1277.232 1125.301 1216.882 
1309.324 1118.992 862.179 
1272.712 1323.842 1576.501 
1158.765 1498.323 1332.159 
1563.944 1141.246 1578.707 
1417.723 1317.93 1251.687 
883.571 1325.101 1150.563 
1589.695 1169.949 1476.099 
954.193 1184.717 1316.257 
1109.235 1583.617 1452.166 
1005.75 1231.219 1540.234 
1448.728 1178.676 951.103 
978.472 1190.577 954.235 
1135.046 1296.502 1441.602 
877.561 889.629 976.261 
896.614 964.652 1335.801 
1157.503 1368.624 1396.651 
1531.713 1302.289 1130.391 
1032.227 1089.147 1011.113 
1488.659 1327.05 1536.491 
1229.481 1362.196 1380.009 
1487.18 1483.753 1312.461 
1515.198 1475.717 1314.061 
1081.903 1377.097 1112.54 
884.391 1196.311 1031.471 
1090.814 1146.407 1338.301 
1057.295 1305.511 1207.435 
1468.855 1223.578 1461.926 
1521.37 1209.423 1188.837 
1190.263 947.822 1055.121 
1309.997 1177.606 1343.023 
1389.983 1239.238 1479.257 
1111.466 1469.565 1085.898 
1136.893 1269.791 1317.26 
1220.031 1287.112 1072.881 
1554.053 1172.963 1572.028 
1195.411 1253.206 1022.4 
1479.303 1502.741 869.365 
982.689 1520.736 980.156 
1007.297 862.098 949.23 
1382.514 1375.095 1073.496 
1201.879 957.115 1149.163 
1094.163 1328.543 1113.429 
1402.063 1515.928 1310.935 
1022.869 902.02 1474.846 
1078.554 1128.91 1440.192 
1167.991 1003.907 1254.468 
1353.781 898.242 1456.164 
1575.247 929.417 1143.266 
1149.455 993.087 1401.346 
1273.25 1085.834 1066.025 
1216.317 1153.778 901.212 
1063.724 961.043 1140.364 
1197.776 1349.734 1183.187 
919.356 1302.009 891.593 
1561.201 956.695 1503.467 
1344.09 1203.974 1094.42 
1156.177 1113.088 1442.522 
1170.078 930.644 1325.809 
1394.489 1251.175 1020.017 
1205.552 1546.619 1233.373 
1456.724 1486.06 1061.744 
1367.217 1083.688 1589.261 
1482.915 1465.639 1272.608 
1524.598 894.625 1412.77 
1064.407 1056.834 921.42 
853.993 897.565 1482.272 
1059.217 1397.478 1024.824 
1184.862 1364.668 1401.286 
1513.342 1016.675 1288.151 
1135.84 1017.659 1272.034 
1469.447 1328.017 984.694 
1160.46 1194.834 1317.17 
1504.866 910.523 1117.812 
1362.893 1586.559 1430.725 
1209.758 1430.299 1214.58 
1441.49 1068.379 1188.974 
1021.357 1315.68 1130.833 
1394.096 1172.18 1511.563 
860.755 1362.268 1507.617 
1335.642 1253.991 1190.009 
1562.16 1063.662 1076.572 
1281.659 948.463 1217.308 
1240.823 906.227 1069.32 
901.701 1038.673 1123.564 
1368.555 1267.678 1155.562 
1082.932 883.328 1016.155 
1478.635 1274.965 947.445 
1496.06 1481.846 1525.316 
877.507 1167.812 1466.994 
1042.468 1149.549 1074.997 
1253.58 861.309 1275.353 
1588.872 889.792 1344.079 
1276.863 855.81 886.853 
1095.638 1273.809 1531.023 
1566.946 1186.982 989.235 
1404.054 1579.008 1171.313 
1089.242 1115.589 1482.72 
1370.544 1426.165 1264.029 
961.855 1102.175 1039.356 
1489.405 1254.171 1297.093 
1505.062 1561.413 1318.159 
1314.437 1020.872 1219.208 
1555.928 1585.487 1320.696 
1382.934 1282.488 1094.886 
1002.903 1070.45 974.868 
1485.802 885.539 1240.74 
1026.91 944.529 1480.5 
896.732 1435.495 1553.275 
1501.522 1496.491 1161.391 
1509.615 1568.099 1579.963 
901.505 862.164 936.002 
1276.484 1477.407 1425.513 
1595.211 1040.821 1205.099 
1224.438 1221.948 1230.435 
1443.274 937.912 1400.266 
926.665 889.424 1135.205 
999.105 946.71 1031.309 
933.669 1177.326 1141.704 
1336.755 1101.587 984.145 
1274.836 1427.813 1061.153 
1142.679 1092.163 1558.782 
1348.633 1514.215 1449.273 
966.432 1153.747 1392.572 
908.317 1080.335 1360.696 
1398.497 1360.892 1413.261 
1192.052 1359.106 1095.541 
1200.478 914.672 1345.752 
881.223 929.242 1414.736 
888.619 915.681 1342.402 
1290.582 1411.379 964.393 
1301.657 1426.525 1330.174 
1126.367 1262.772 969.438 
1124.311 1356.711 1164.891 
864.523 1539.284 1455.012 
1573.815 1460.353 1149.403 
1330.744 1443.036 910.602 
1038.556 1079.509 1446.081 
1385.268 1031.17 1462.048 
863.526 981.495 1568.107 
945.391 1074.79 1444.207 
885.68 1158.714 1368.255 
940.325 1427.152 1265.449 
1464.293 1360.269 886.943 
1195.919 1525.599 1515.176 
1500.733 1279.595 1356.708 
1039.435 1564.404 946.775 
1343.184 1198.668 1240.136 
1227.277 1544.064 939.61 
1221.554 1092.584 991.27 
1160.969 1551.578 968.55 
1186.784 1135.457 1392.268 
1064.688 1599.002 878.246 
1360.839 1582.986 1486.333 
1241.57 860.645 1306.792 
1502.847 914.814 1262.884 
1147.262 1207.509 1444.426 
895.875 1459.657 854.501 
914.468 1229.918 983.472 
1366.577 903.428 1190.446 
1009.566 1325.208 1408.898 
1580.735 993.836 1492.671 
1032.254 869.675 1271.483 
1244.041 966.802 1079.441 
1096.499 983.863 1113.789 
966.664 1210.557 1367.295 
878.8 1352.398 861.14 
1328.979 1567.456 1535.181 
1346.808 1253.332 1237.984 
996.416 1399.011 1585.944 
1450.345 1398.526 983.011 
1193.424 977.751 1416.275 
1499.073 1558.718 1401.156 
1512.24 948.589 1470.075 
1095.334 1170.324 1493.333 
1156.588 1203.195 1398.708 
1173.571 1422.395 928.186 
1151.881 1127.165 923.876 
1096.35 1113.66 1280.231 
1051.777 1267.856 905.448 
1177.093 852.347 1349.869 
1488.246 1066.445 1076.28 
1095.037 1306.723 1521.856 
1356.139 1279.29 1099.605 
1215.241 1097.278 1356.391 
1530.456 871.26 1260.415 
984.505 1458.311 1517.57 
1016.894 1452.186 1052.855 
958.743 981.013 1039.602 
1535.148 1587.897 1035.195 
858.68 1146.974 1186.36 
1539.931 1373.444 941.045 
1552.987 1416.624 1070.15 
1484.77 1060.154 1262.086 
999.0 954.43 865.574 
927.793 919.009 928.059 
1461.518 1167.389 1566.56 
960.332 1476.242 1160.369 
1078.956 1005.691 1077.824 
1229.486 1003.655 998.782 
1198.799 1575.35 919.552 
940.53 1536.253 1597.646 
1178.17 1292.641 1149.932 
1367.209 1033.487 1198.268 
1500.246 921.195 1324.938 
1295.503 976.243 1402.644 
1099.381 862.142 1430.396 
981.068 947.541 1172.928 
1022.278 880.322 1074.627 
1292.858 1399.29 1469.148 
1020.879 1580.045 1305.271 
1538.548 850.492 1378.835 
1278.274 1101.782 864.913 
903.153 1394.915 945.118 
1124.395 1543.995 1283.658 
1237.239 1593.534 867.791 
1487.726 1374.874 864.203 
1497.235 1290.97 1578.548 
1051.207 1248.759 962.945 
1047.819 1228.252 949.269 
986.421 1465.967 1218.186 
1214.346 986.924 859.162 
1279.027 1010.323 1075.11 
1385.975 1447.344 1529.853 
1071.173 1538.132 980.378 
1073.308 1576.065 1489.01 
1448.99 1302.058 1383.797 
986.406 1129.93 1239.548 
1148.199 1021.333 1497.668 
1223.804 1388.131 1229.738 
1032.712 1214.156 1070.361 
1500.258 1420.812 991.222 
1242.317 889.863 1479.801 
935.594 1447.833 1231.226 
1446.534 1002.414 966.424 
1244.788 1022.534 1177.71 
1243.442 939.667 1384.009 
1377.45 1217.217 1026.471 
1389.693 983.703 1291.286 
850.568 1278.947 1274.44 
946.033 1449.575 892.781 
930.032 1221.48 1556.994 
1145.575 856.292 1334.947 
1190.46 942.128 1489.931 
1148.685 1420.064 1472.06 
1298.72 1039.396 1444.213 
1004.057 1404.418 1273.861 
1191.083 1472.134 1474.924 
999.266 893.963 1304.931 
1093.128 1319.737 1576.956 
1239.637 1527.933 1043.812 
1587.792 1186.893 1116.236 
915.232 1009.839 1047.158 
1077.251 933.453 1201.333 
1543.726 1371.405 1390.064 
970.909 1269.13 1281.923 
1402.946 1136.222 1310.775 
1039.359 965.353 1436.913 
1237.81 1110.412 1344.3 
1056.488 1026.675 1568.37 
1530.822 1532.324 876.931 
911.114 1585.49 1535.564 
1315.604 1039.21 951.341 
978.857 1548.508 1391.49 
1063.612 1127.969 874.318 
950.401 1535.383 1296.399 
1309.251 892.482 1338.841 
1493.044 1033.879 920.364 
857.273 1417.116 1409.325 
1061.404 1387.133 1338.164 
1201.8 1297.113 1383.421 
1307.373 990.02 1595.531 
1461.645 1274.402 1328.346 
952.609 1322.071 1075.766 
1160.023 1171.298 1058.481 
1277.059 851.079 1021.841 
955.98 967.811 1091.046 
1216.255 1307.688 1012.529 
1397.835 1141.184 853.762 
1139.377 1201.63 1510.993 
1377.123 1163.223 1575.93 
1071.376 1060.116 1371.519 
1137.42 997.911 1397.984 
1175.9 1195.565 1556.983 
854.13 1021.623 1492.123 
1076.304 1379.822 1188.312 
1314.436 1331.716 1483.974 
1205.728 1372.853 912.894 
1044.353 1597.029 1163.126 
1289.598 1073.804 889.287 
1163.073 1306.394 1102.484 
1507.2 1476.065 1020.086 
930.542 970.25 998.416 
904.633 1231.231 995.924 
1165.954 1327.466 1427.193 
1489.109 1325.339 1294.32 
1404.814 1538.083 1112.072 
886.738 964.401 862.389 
1143.087 1140.182 1460.665 
1079.02 1375.35 1463.754 
1553.473 1272.244 1549.064 
1130.626 1050.485 1421.027 
1599.727 1506.411 1564.993 
1316.511 1167.011 1216.367 
1496.023 1145.079 1466.474 
1397.111 1042.57 1565.881 
1022.945 1444.192 1361.293 
947.259 1178.676 1099.084 
1387.001 1432.936 1534.321 
1570.488 851.17 1423.145 
1340.624 1420.594 1562.48 
1276.719 1415.023 1438.62 
1404.734 1065.621 1224.709 
1349.381 1033.492 1090.635 
1291.92 1456.724 1083.112 
1520.832 1330.856 1175.544 
