32.624 221.517 618.506 
506.541 283.613 343.917 
48.636 325.58 200.103 
14.78 604.806 550.119 
105.575 640.021 670.601 
221.648 191.593 151.839 
693.613 565.45 693.126 
394.66 605.968 524.349 
16.495 576.166 739.32 
62.066 711.488 8.342 
310.211 39.527 160.393 
329.412 605.454 437.198 
305.313 12.069 44.642 
583.192 135.877 698.429 
328.802 445.526 170.831 
564.606 799.892 123.912 
343.782 663.53 10.377 
701.897 337.67 282.263 
779.434 789.161 405.696 
186.238 618.736 742.134 
37.001 490.596 417.264 
401.371 722.342 16.408 
540.803 558.275 158.787 
390.731 427.461 506.169 
662.345 217.158 128.653 
640.876 603.052 185.619 
349.995 554.769 549.177 
620.858 287.372 627.375 
490.98 485.709 118.02 
353.178 383.49 764.448 
762.775 697.403 653.795 
692.184 572.427 718.831 
479.807 576.508 224.395 
380.043 507.566 608.73 
115.335 305.93 233.821 
37.326 420.244 718.222 
329.396 200.602 665.509 
476.487 317.638 569.321 
600.034 155.085 701.789 
226.041 391.606 52.153 
366.972 434.871 621.249 
113.523 636.519 776.999 
547.785 392.459 376.112 
268.4 609.729 565.789 
606.802 534.747 535.776 
102.6 572.143 250.477 
223.621 724.58 258.122 
761.459 766.195 121.611 
348.498 579.069 451.12 
169.916 383.284 109.618 
450.784 188.829 397.772 
320.289 228.491 480.589 
63.158 707.927 424.917 
455.379 334.728 2.04 
699.965 118.665 635.146 
135.963 288.672 59.356 
51.436 543.986 158.075 
532.297 559.085 163.434 
96.138 282.88 591.037 
145.374 453.373 555.351 
550.003 315.481 602.434 
501.355 696.307 297.234 
374.97 250.366 59.59 
435.761 104.763 377.683 
729.784 197.876 76.344 
684.117 490.745 215.021 
292.887 780.306 31.223 
728.051 222.267 362.557 
110.954 156.944 180.089 
649.567 380.686 173.372 
322.035 746.956 441.854 
614.967 56.574 429.558 
779.879 419.772 606.327 
3.328 604.655 475.659 
58.106 726.582 230.805 
131.422 721.395 44.427 
31.3 392.369 136.732 
615.258 461.799 654.365 
628.197 318.38 185.747 
72.48 88.635 500.48 
635.66 731.317 366.504 
539.87 529.533 106.63 
274.54 475.126 452.694 
2.47 608.395 773.82 
669.357 579.781 161.527 
262.653 603.986 53.687 
527.683 486.546 146.641 
519.921 92.97 248.803 
133.261 468.037 271.469 
163.027 739.9 89.857 
4.542 206.967 173.412 
708.89 773.533 701.257 
267.798 467.976 625.231 
518.248 461.102 25.364 
238.68 83.551 169.939 
714.703 617.995 242.86 
618.711 637.142 241.42 
786.711 14.524 452.908 
790.553 552.876 393.407 
518.495 713.215 589.864 
503.274 291.787 217.89 
610.772 57.21 101.008 
647.887 423.667 535.974 
762.992 680.165 202.278 
378.903 93.215 241.934 
99.58 417.762 204.177 
326.053 574.393 117.672 
729.009 602.025 209.89 
254.158 644.127 179.144 
762.347 119.643 634.496 
118.292 32.476 582.497 
672.966 353.101 534.393 
611.196 370.669 104.023 
632.411 87.863 48.076 
675.325 438.74 430.229 
13.058 40.698 358.013 
420.28 135.281 199.785 
394.587 128.504 43.598 
599.272 180.337 249.838 
590.713 194.478 354.588 
693.62 619.719 682.854 
480.286 463.377 503.541 
666.855 163.403 288.454 
680.299 449.138 296.139 
264.775 368.235 90.575 
482.245 529.341 689.769 
138.696 737.082 316.814 
12.653 691.406 461.701 
17.228 128.25 747.406 
770.043 146.839 659.318 
49.813 770.599 637.967 
307.949 508.725 98.773 
399.214 620.932 173.0 
274.999 386.957 501.429 
223.765 442.112 24.736 
628.203 212.194 442.664 
112.386 436.74 246.874 
195.447 699.869 675.487 
752.003 64.45 419.679 
401.293 526.519 796.943 
463.547 454.002 57.032 
514.318 34.56 579.222 
174.722 437.829 559.824 
631.525 527.705 78.158 
362.348 426.561 663.157 
42.825 178.643 215.081 
17.512 732.778 772.425 
212.917 785.788 351.155 
638.438 533.131 53.556 
266.59 307.147 432.661 
798.213 180.816 224.018 
721.034 689.589 681.121 
789.667 595.329 528.114 
172.44 626.582 705.322 
794.872 615.51 313.867 
620.947 229.75 486.205 
85.927 742.939 5.859 
440.012 640.715 528.991 
92.527 218.576 398.911 
63.232 671.917 587.976 
331.433 411.401 380.27 
247.157 91.312 48.634 
314.146 154.522 798.417 
376.481 369.758 394.015 
705.129 131.441 461.628 
610.601 707.484 214.33 
185.399 612.004 562.179 
108.244 484.933 37.98 
241.358 174.051 575.516 
3.424 770.858 359.227 
5.286 308.804 779.323 
16.791 272.368 70.855 
162.277 40.586 7.648 
601.333 598.473 798.983 
72.613 511.589 15.791 
699.973 92.737 388.263 
48.079 676.786 656.719 
460.915 523.055 538.031 
799.576 791.631 335.481 
736.933 416.491 85.676 
776.704 45.229 764.714 
745.383 418.486 20.958 
617.939 176.02 195.764 
213.587 348.753 357.752 
585.496 622.436 295.069 
641.678 72.57 578.699 
183.037 357.558 134.61 
651.008 579.572 403.45 
114.957 579.755 387.216 
507.539 719.579 656.334 
192.77 246.198 228.396 
101.016 273.32 30.851 
771.049 547.488 236.32 
441.144 199.616 348.463 
449.552 141.593 438.42 
685.207 706.201 681.332 
785.865 692.989 373.874 
410.24 299.927 275.461 
645.256 9.923 44.577 
50.873 651.931 508.332 
120.972 356.121 631.699 
703.322 389.141 284.165 
552.607 221.75 76.853 
667.173 494.385 724.284 
499.068 371.192 491.119 
186.038 46.107 690.857 
715.342 510.479 110.266 
688.957 343.057 611.856 
548.47 739.094 738.136 
564.461 550.03 220.274 
457.237 671.558 209.669 
226.881 259.773 166.141 
674.176 518.395 648.577 
517.948 16.927 292.804 
0.563 109.083 121.862 
590.906 483.984 651.454 
256.574 71.016 295.741 
714.888 87.818 511.698 
544.347 551.386 227.044 
265.425 222.195 114.958 
293.591 470.192 65.233 
251.977 652.951 148.728 
554.738 575.08 366.647 
735.587 160.942 748.409 
758.38 300.504 71.088 
503.013 540.543 411.875 
115.923 204.419 415.704 
428.314 286.88 231.543 
436.739 489.356 144.804 
275.589 323.013 601.889 
738.986 757.136 293.209 
178.585 179.773 121.136 
613.43 575.371 5.012 
706.936 655.262 265.822 
157.186 421.14 290.296 
194.814 345.492 393.809 
51.957 304.739 113.89 
401.835 784.773 462.322 
599.619 412.273 90.502 
479.55 84.061 121.209 
3.312 653.043 71.361 
641.881 689.509 686.515 
253.161 594.12 268.932 
309.657 124.626 670.131 
634.495 193.021 766.351 
619.45 311.887 328.639 
246.059 643.684 577.523 
403.326 373.449 487.671 
493.565 696.662 122.866 
351.428 363.469 164.548 
152.841 760.373 461.72 
709.68 356.167 199.731 
115.529 193.078 159.926 
51.806 791.152 133.45 
114.291 329.907 369.779 
698.584 783.037 745.235 
355.315 300.73 330.776 
96.521 207.933 260.049 
770.212 705.156 502.828 
389.839 161.92 552.102 
85.255 737.552 114.206 
530.742 449.232 378.765 
173.69 319.935 52.526 
641.221 287.185 223.449 
454.066 691.707 25.842 
362.436 321.436 195.49 
648.96 190.012 600.123 
279.465 351.115 289.004 
521.852 738.979 587.74 
537.549 386.07 18.269 
786.45 629.297 461.585 
525.676 569.95 5.784 
148.718 26.483 465.627 
338.259 550.707 348.384 
68.715 796.636 385.995 
469.799 450.209 454.079 
626.909 383.814 537.974 
727.996 429.533 207.616 
413.674 580.692 423.352 
315.799 250.424 501.391 
681.999 375.885 164.34 
316.288 595.638 21.154 
367.382 111.081 56.136 
102.365 14.166 500.24 
149.921 482.559 437.839 
347.863 641.165 322.083 
597.356 284.253 447.505 
528.111 449.257 553.373 
436.065 208.214 214.562 
519.733 348.148 440.123 
30.787 709.582 82.634 
434.263 430.815 356.219 
445.698 262.973 265.799 
131.169 735.673 212.759 
791.506 633.56 272.994 
640.007 360.637 102.229 
437.276 135.676 263.515 
192.487 73.14 676.836 
448.946 362.919 29.632 
282.856 200.216 374.761 
445.27 306.848 617.193 
605.647 690.167 361.957 
506.394 311.716 285.386 
488.297 767.353 718.286 
24.248 398.652 425.571 
704.945 19.91 370.265 
468.239 317.396 425.586 
395.247 298.068 638.03 
205.26 430.604 488.808 
412.576 667.721 197.917 
96.735 331.837 497.78 
24.178 144.266 212.435 
29.931 293.762 684.053 
755.42 367.087 545.212 
132.976 771.026 79.859 
87.652 354.462 125.747 
744.942 181.122 264.077 
525.352 465.066 403.02 
238.237 157.336 566.787 
390.249 524.319 166.696 
565.026 80.695 353.796 
131.207 552.597 73.212 
29.991 102.559 6.137 
750.839 625.718 498.637 
298.412 707.978 492.891 
555.347 766.118 637.637 
759.569 790.117 499.059 
31.935 159.953 115.184 
289.589 187.844 419.065 
577.003 51.885 594.952 
177.758 463.147 565.098 
19.584 70.321 480.897 
659.782 113.774 590.676 
424.441 394.993 367.203 
594.242 757.652 83.573 
492.659 758.262 166.776 
137.037 171.002 94.592 
667.665 694.806 137.669 
359.284 691.379 361.294 
278.773 427.992 327.125 
288.097 297.208 386.492 
774.014 481.573 60.866 
8.524 720.1 315.885 
18.64 725.316 541.742 
355.984 170.104 789.321 
357.319 4.287 273.181 
381.818 478.971 750.973 
44.704 119.546 591.224 
509.773 6.761 287.58 
401.879 229.728 223.184 
405.769 670.318 474.124 
246.783 692.916 615.147 
66.588 289.924 670.711 
398.903 211.043 195.952 
759.986 650.446 677.163 
163.886 327.947 580.313 
532.351 325.493 545.019 
596.992 415.807 112.848 
236.035 742.599 25.573 
10.263 599.248 563.637 
497.613 232.541 526.267 
788.384 776.789 99.962 
749.84 730.146 464.537 
272.989 574.572 423.825 
789.932 726.434 16.397 
328.937 743.518 117.324 
496.619 226.636 118.854 
75.985 441.363 444.226 
286.241 147.322 23.925 
449.225 630.485 657.974 
86.462 574.687 197.909 
543.924 223.516 707.107 
757.144 443.426 332.646 
489.645 518.509 228.032 
68.784 460.378 277.225 
625.157 147.647 711.521 
240.837 239.146 230.347 
44.592 314.544 441.37 
491.268 394.227 760.124 
86.328 273.021 756.898 
122.769 196.244 724.528 
405.208 526.463 317.005 
127.696 222.678 53.556 
2.714 453.652 784.732 
143.887 649.621 289.06 
717.035 493.508 673.28 
764.025 608.22 351.997 
384.01 369.121 545.083 
588.077 782.656 193.648 
697.799 360.694 573.033 
201.989 413.31 346.285 
469.101 416.316 702.827 
279.278 137.044 387.087 
469.069 495.164 630.915 
265.31 733.141 501.024 
485.273 233.634 100.272 
724.152 692.514 108.045 
321.559 793.351 404.265 
391.47 421.085 475.811 
774.64 13.851 788.742 
317.443 226.46 468.173 
199.403 200.163 580.828 
230.543 293.604 280.668 
730.569 361.626 376.866 
221.168 179.927 672.6 
775.88 27.508 113.973 
770.908 160.373 370.062 
297.463 226.063 47.718 
95.765 779.322 693.2 
192.412 218.096 321.156 
36.842 112.561 601.491 
468.834 111.374 22.8 
503.559 523.432 313.644 
780.043 389.25 663.419 
625.182 537.359 710.945 
149.365 85.297 567.919 
512.358 355.197 288.308 
782.867 224.45 444.704 
225.618 472.518 183.297 
750.516 272.5 706.302 
464.761 381.636 618.804 
54.291 318.451 575.405 
497.169 143.816 690.065 
9.062 583.823 437.384 
214.849 137.211 539.816 
149.382 238.78 247.865 
739.164 220.923 262.589 
210.313 563.074 603.67 
459.204 208.679 754.64 
33.909 111.716 421.882 
281.66 395.504 362.663 
170.968 386.016 516.301 
454.317 492.668 227.552 
747.283 606.904 223.069 
280.651 127.88 416.849 
514.276 631.719 242.513 
365.939 131.124 98.987 
221.063 696.804 206.507 
699.816 284.258 191.61 
791.281 168.477 221.848 
366.392 456.87 407.939 
690.686 652.9 311.756 
224.141 776.373 211.654 
68.3 730.746 332.326 
1.36 747.426 409.317 
257.429 166.036 330.345 
168.91 491.68 447.444 
56.039 557.327 495.902 
236.796 214.899 310.482 
484.691 162.951 105.136 
675.322 172.274 677.593 
548.59 50.18 542.089 
435.048 714.418 278.665 
537.545 211.544 510.94 
184.886 610.706 338.915 
385.429 705.302 104.334 
174.585 700.529 533.247 
426.193 154.809 382.476 
631.398 515.808 217.7 
739.852 710.898 581.623 
63.75 310.837 475.869 
379.276 568.542 440.543 
173.426 674.12 189.185 
521.93 506.427 190.552 
229.433 782.163 758.978 
76.119 723.408 459.343 
582.548 491.321 215.353 
692.82 564.42 197.961 
721.424 602.547 347.24 
453.16 494.108 574.462 
318.599 781.77 318.295 
7.251 183.209 338.348 
72.756 529.69 689.924 
734.788 229.645 622.924 
302.875 617.48 98.746 
475.871 234.557 630.78 
586.426 259.508 569.612 
236.364 179.894 163.75 
795.162 501.226 190.855 
568.865 523.128 165.15 
437.047 76.981 570.439 
46.339 390.928 172.506 
484.725 10.154 601.996 
64.579 507.759 280.124 
734.988 727.75 120.576 
22.362 262.649 497.397 
511.543 397.333 84.878 
11.117 15.473 617.597 
328.822 83.158 348.995 
4.076 304.03 191.661 
165.041 211.81 47.074 
653.055 427.68 329.115 
415.01 100.287 690.535 
464.278 535.845 355.004 
518.66 418.633 285.243 
269.893 531.402 635.183 
222.362 592.914 31.472 
267.468 502.647 279.602 
473.216 16.198 273.996 
224.663 568.18 315.791 
250.989 398.025 222.45 
277.337 617.724 612.293 
192.98 240.206 529.126 
570.274 15.908 279.092 
332.889 102.164 590.678 
393.789 475.33 81.323 
649.586 297.513 237.654 
593.429 785.504 458.332 
443.682 458.743 99.782 
454.973 693.153 371.159 
593.173 414.989 494.216 
413.703 301.372 92.726 
338.319 336.871 536.527 
762.507 210.658 394.81 
266.745 45.687 239.218 
728.086 651.944 527.043 
543.393 395.277 695.464 
473.192 630.507 708.015 
301.087 212.332 146.592 
224.994 317.212 573.876 
623.679 746.988 263.244 
336.1 466.762 124.056 
513.19 24.203 31.131 
400.56 138.787 670.451 
187.906 210.531 331.334 
746.006 321.636 605.64 
571.074 125.067 738.87 
4.283 469.025 234.906 
687.923 534.643 44.065 
161.888 666.068 424.09 
179.796 386.68 284.485 
436.434 650.805 569.039 
670.544 515.09 617.677 
472.492 583.326 375.684 
475.143 486.657 325.041 
493.72 261.71 362.942 
723.931 741.165 539.9 
457.867 125.951 298.757 
768.62 480.85 653.218 
49.5 120.773 144.197 
15.252 527.165 123.089 
282.744 504.046 736.658 
526.725 31.958 602.788 
457.488 626.347 488.884 
287.495 377.601 642.014 
71.973 575.343 583.549 
301.139 34.983 378.232 
740.271 685.04 84.676 
445.08 427.298 272.847 
438.222 437.961 636.638 
122.429 625.833 261.561 
279.256 680.926 584.337 
197.02 288.283 307.102 
413.468 463.377 701.548 
626.138 460.075 354.06 
112.729 268.064 528.678 
491.892 105.238 651.283 
515.646 261.648 280.672 
322.999 7.944 311.829 
291.952 75.018 545.257 
611.641 80.117 10.079 
657.116 16.152 746.46 
467.082 446.961 95.499 
648.419 405.042 668.59 
226.267 307.502 6.956 
578.073 686.86 704.951 
361.591 650.962 130.129 
395.033 397.056 186.322 
605.421 698.976 295.641 
217.162 339.237 138.625 
54.699 435.586 172.255 
266.122 218.734 203.771 
2.64 531.229 694.738 
654.452 755.681 21.266 
788.911 654.613 65.784 
86.858 651.666 288.419 
225.455 556.723 700.185 
496.346 352.803 220.577 
279.021 196.495 301.254 
230.09 53.308 297.968 
208.2 658.308 454.611 
636.802 16.265 168.088 
318.839 334.9 795.756 
253.002 730.556 719.308 
187.313 402.577 187.694 
657.224 523.903 742.426 
694.689 155.616 266.886 
700.354 290.579 7.597 
443.996 682.49 200.038 
399.224 322.535 471.932 
121.198 385.687 1.644 
253.877 404.795 303.649 
747.236 726.67 471.308 
717.81 300.272 333.507 
74.858 228.499 72.672 
721.86 572.487 406.438 
481.182 625.685 771.361 
539.062 195.277 401.832 
78.607 222.53 338.879 
760.766 19.447 651.137 
712.982 195.299 141.717 
448.678 702.375 72.502 
29.977 293.073 146.143 
321.484 486.988 599.827 
616.148 25.855 734.438 
375.571 474.038 164.597 
639.315 352.997 50.955 
60.662 723.066 237.81 
278.958 657.131 229.922 
318.963 585.312 670.187 
474.276 271.809 456.199 
119.325 322.236 515.252 
748.745 403.774 98.048 
227.862 587.234 635.019 
581.045 567.81 280.014 
759.886 179.852 561.83 
545.385 500.549 779.445 
716.928 582.173 30.179 
3.12 104.063 526.545 
185.478 623.446 339.239 
284.057 232.065 314.258 
397.787 145.178 132.071 
659.707 456.647 565.657 
301.688 495.097 7.951 
749.669 138.234 346.964 
724.995 742.037 709.066 
380.974 640.074 652.289 
404.181 138.034 560.089 
136.695 465.322 742.919 
729.469 32.397 126.536 
663.459 354.417 228.571 
758.433 488.759 715.61 
322.965 495.488 382.587 
776.339 663.783 294.484 
778.901 609.469 103.342 
377.661 512.217 119.906 
676.735 639.653 75.313 
736.893 587.496 346.563 
276.917 406.753 45.489 
409.157 558.779 732.209 
129.616 93.098 596.253 
564.703 595.025 458.116 
227.009 17.108 223.12 
433.282 292.836 449.823 
584.641 709.169 173.349 
722.865 217.617 484.676 
150.999 705.968 524.416 
92.564 504.161 459.105 
236.176 278.779 647.247 
386.762 756.46 438.222 
420.885 209.471 644.282 
103.829 165.309 571.353 
185.22 196.348 674.619 
509.249 174.287 166.803 
270.654 140.134 85.96 
343.368 547.137 327.867 
781.184 378.46 203.022 
640.587 392.318 352.133 
740.872 296.214 571.514 
336.886 109.375 449.442 
446.293 547.668 38.349 
17.232 564.677 360.214 
491.277 584.839 418.843 
74.15 772.637 682.128 
224.789 237.132 762.361 
403.94 665.541 222.828 
28.007 66.929 728.37 
418.304 619.896 534.749 
738.147 110.479 685.455 
327.233 704.352 766.019 
525.983 303.721 414.852 
6.67 450.704 35.532 
388.811 21.539 159.494 
103.753 479.456 317.748 
93.084 612.966 610.068 
224.284 738.569 137.9 
492.126 175.135 681.107 
216.115 77.606 678.182 
144.414 768.378 656.638 
315.432 288.779 132.802 
127.281 525.85 580.67 
475.114 93.642 54.939 
630.199 775.612 388.869 
721.53 548.385 191.627 
341.713 258.576 630.629 
179.91 676.891 752.231 
706.365 70.704 106.592 
759.498 739.941 777.275 
422.623 231.089 513.501 
60.202 245.491 758.579 
0.341 245.176 64.998 
623.931 698.003 675.622 
170.53 217.373 601.594 
54.581 713.9 758.005 
334.049 528.858 766.837 
129.919 315.961 155.541 
472.49 149.844 313.975 
586.857 523.525 167.274 
503.132 48.014 530.343 
134.159 69.392 740.657 
401.104 1.876 180.919 
745.39 784.538 567.199 
474.748 377.387 774.918 
249.589 99.015 521.168 
216.723 487.707 244.6 
148.096 572.69 25.977 
355.617 52.251 151.467 
736.319 320.707 430.922 
416.806 60.379 172.905 
191.999 607.061 694.208 
545.142 609.882 709.277 
229.952 646.568 618.545 
471.445 723.288 202.896 
605.136 200.739 330.304 
527.151 376.625 299.797 
643.814 285.227 421.523 
58.879 429.416 741.176 
30.479 218.053 144.055 
419.824 80.007 324.597 
535.313 290.559 122.864 
549.257 171.231 420.371 
772.687 162.774 432.881 
274.286 311.306 616.331 
362.434 244.309 608.506 
557.021 196.087 43.063 
544.568 413.129 167.527 
457.215 123.191 492.674 
730.205 595.127 355.384 
15.855 470.409 221.888 
254.362 113.993 362.557 
69.94 616.219 604.949 
400.758 236.784 659.721 
752.126 585.91 630.524 
621.104 741.297 788.783 
761.104 39.641 298.833 
476.367 140.1 570.498 
117.706 100.759 562.478 
96.493 552.469 147.412 
748.799 744.086 624.139 
586.823 90.896 205.626 
525.257 623.788 436.703 
288.971 389.112 303.915 
371.914 693.36 709.638 
631.826 772.187 384.885 
243.258 757.26 635.396 
586.885 123.54 335.725 
140.363 266.173 52.49 
656.718 327.523 483.366 
25.491 257.727 27.352 
141.635 581.431 628.724 
799.552 355.377 131.561 
205.52 598.491 109.905 
82.413 40.144 399.151 
506.132 27.662 159.242 
18.522 616.527 289.785 
36.417 504.094 761.808 
120.208 281.09 746.897 
669.324 231.661 417.204 
501.309 216.971 472.374 
399.051 783.29 264.04 
643.044 755.568 222.769 
672.836 617.641 166.182 
141.777 525.37 674.587 
192.343 466.005 456.913 
117.841 433.378 627.867 
535.169 94.954 751.619 
734.696 348.117 346.834 
514.608 485.604 277.816 
243.712 688.922 361.96 
37.141 297.435 243.846 
63.716 745.649 723.158 
91.968 231.904 671.329 
1.941 724.824 723.162 
742.841 181.039 677.92 
588.498 118.629 155.888 
549.034 366.463 748.131 
588.794 375.466 528.294 
447.188 682.592 179.215 
338.777 19.988 125.594 
145.314 540.454 30.148 
686.007 149.414 491.984 
114.281 755.16 304.188 
116.782 693.515 163.712 
509.081 548.12 701.349 
159.158 239.369 659.531 
38.391 504.587 407.081 
209.706 46.038 399.909 
754.196 374.38 705.697 
104.643 71.496 613.417 
660.101 322.988 727.804 
629.577 266.455 515.587 
544.353 305.835 401.634 
262.377 417.329 372.915 
612.864 215.19 330.096 
427.008 104.208 301.711 
187.772 293.938 422.626 
30.439 731.586 376.287 
410.948 351.066 638.814 
43.313 793.411 138.333 
70.174 144.351 578.886 
762.783 586.074 269.628 
523.838 488.615 227.623 
616.166 234.504 585.761 
272.56 364.429 296.192 
265.278 337.978 259.24 
746.297 346.779 703.198 
293.044 443.329 580.348 
729.091 25.09 157.789 
579.034 550.548 639.423 
715.622 726.744 206.253 
408.951 287.391 365.633 
35.836 269.405 644.811 
174.438 310.16 115.427 
375.289 411.373 649.153 
757.309 287.596 428.312 
209.659 278.784 537.697 
368.732 732.308 184.526 
592.063 738.906 785.418 
239.164 145.109 355.222 
747.942 91.301 71.849 
709.965 305.926 740.663 
390.347 345.037 717.23 
780.998 15.758 430.154 
709.504 112.614 553.161 
735.385 6.051 731.353 
416.436 82.281 62.164 
304.447 429.364 690.699 
632.558 151.07 756.422 
227.691 220.552 752.899 
58.413 466.422 676.397 
450.935 207.709 468.057 
567.226 786.963 597.091 
693.503 666.865 118.721 
642.504 209.717 426.694 
538.898 716.184 537.362 
526.144 562.206 165.025 
650.144 554.928 307.009 
708.323 613.956 100.472 
438.311 714.299 161.854 
525.498 165.773 498.278 
315.588 493.998 8.0 
177.094 360.656 610.357 
38.434 552.242 268.671 
37.392 52.785 331.106 
22.797 607.234 543.264 
262.9 494.524 700.464 
574.65 299.161 772.896 
568.713 698.662 20.719 
788.381 665.529 34.157 
399.042 458.174 222.404 
664.424 225.286 782.01 
64.157 248.558 7.154 
653.989 678.878 176.613 
43.477 0.789 180.367 
440.67 589.523 605.047 
47.323 483.76 417.03 
309.207 269.455 663.726 
81.818 445.041 433.247 
277.06 269.939 744.574 
51.257 107.621 582.905 
735.984 746.083 578.356 
698.01 75.02 435.208 
377.147 298.421 533.429 
545.063 400.019 260.293 
344.619 336.665 9.225 
501.955 487.846 719.097 
659.54 690.563 216.766 
753.158 794.48 463.279 
546.627 390.259 610.796 
740.206 239.826 506.977 
242.388 132.289 442.041 
332.333 419.849 86.177 
370.069 798.672 217.34 
437.933 662.423 737.4 
177.463 536.668 577.495 
740.097 351.442 660.648 
217.317 78.087 212.013 
73.282 548.939 792.323 
183.508 358.231 313.519 
187.13 639.509 284.806 
551.521 300.139 648.242 
752.903 324.506 362.447 
428.824 297.63 686.411 
182.658 595.524 238.717 
322.952 388.502 343.546 
560.773 399.518 576.782 
408.967 551.568 593.162 
392.695 662.862 458.209 
386.406 621.087 628.471 
775.619 160.331 274.546 
16.96 799.119 604.783 
787.949 141.136 480.813 
573.459 469.451 396.605 
667.319 727.86 433.187 
593.933 296.534 295.793 
562.41 521.516 448.241 
265.265 365.308 499.286 
423.046 301.101 788.74 
541.231 608.948 406.729 
514.463 334.708 411.967 
743.299 657.624 304.88 
587.532 7.678 42.991 
539.838 139.767 762.509 
799.191 558.59 79.964 
569.941 301.155 285.125 
793.06 654.686 76.2 
629.876 358.153 669.872 
38.275 100.985 788.725 
787.718 226.093 100.745 
171.585 74.284 701.641 
524.059 364.341 66.813 
299.888 582.427 606.341 
176.275 636.019 217.498 
264.503 720.325 213.315 
284.044 396.174 350.515 
574.193 86.219 627.919 
718.144 131.437 549.512 
166.568 283.301 504.0 
565.595 126.463 420.367 
692.812 447.629 329.537 
272.318 107.826 201.577 
476.535 323.82 590.314 
728.626 383.243 336.06 
716.184 366.411 372.48 
259.988 99.48 422.063 
494.637 102.581 239.505 
495.213 396.164 75.483 
749.342 275.408 413.986 
140.693 119.452 344.8 
112.753 564.215 235.184 
417.246 208.118 236.615 
25.805 611.719 783.584 
463.84 629.999 620.829 
699.259 390.822 89.119 
31.679 324.97 293.799 
280.288 704.38 222.09 
97.072 532.388 514.471 
475.2 151.34 271.332 
96.846 628.386 772.617 
663.748 655.216 41.771 
181.28 323.435 627.332 
582.578 373.996 276.728 
492.538 127.838 604.425 
615.584 40.114 168.414 
119.95 770.8 236.699 
32.963 736.941 493.853 
657.374 693.222 413.097 
256.845 241.606 520.123 
591.233 462.916 641.029 
53.999 212.822 654.068 
555.561 52.457 728.461 
551.273 375.911 302.535 
615.163 181.68 207.61 
0.829 216.953 416.729 
313.055 674.986 745.014 
473.556 259.589 710.496 
468.875 619.087 590.383 
338.964 607.373 510.361 
572.63 733.088 333.143 
22.478 666.41 607.776 
654.844 698.742 169.167 
713.299 676.201 204.599 
254.748 671.043 208.146 
775.665 129.023 58.004 
247.671 229.835 459.559 
631.218 795.883 190.73 
481.986 733.856 24.749 
740.192 613.051 34.982 
731.189 379.779 502.352 
123.681 745.767 553.634 
312.577 733.739 190.113 
441.281 753.061 138.683 
670.333 186.492 186.552 
669.756 336.567 286.095 
144.91 209.659 589.645 
161.811 151.515 118.808 
296.228 731.278 642.673 
402.27 441.545 703.304 
297.364 144.718 648.691 
610.441 194.827 277.731 
382.777 632.069 206.315 
89.714 178.284 252.09 
619.223 135.819 35.647 
349.027 392.39 289.091 
31.73 618.916 554.745 
501.295 504.287 285.122 
336.414 656.861 15.171 
199.06 2.786 325.132 
623.17 424.079 723.421 
651.415 15.147 552.395 
219.338 792.593 543.955 
292.32 648.688 497.44 
229.373 402.883 197.13 
628.425 239.271 585.623 
574.673 535.291 543.392 
622.609 258.087 215.614 
177.218 229.207 95.932 
513.369 317.613 411.309 
643.103 45.907 554.988 
286.379 499.009 495.027 
